     0/499     6.85G     0.105   0.02404         0    0.1291         4       640 0.0005669    0.1701 0.0001373 2.027e-05   0.09359   0.02047         0
     1/499        7G   0.09756   0.02024         0    0.1178         4       640 0.0005442    0.1633 0.0001098 1.679e-05   0.08995   0.01818         0
     2/499        7G   0.09529   0.01825         0    0.1135         4       640 0.0007937    0.2381 0.0002146 3.227e-05   0.08911   0.01687         0
     3/499        7G   0.09356   0.01731         0    0.1109         4       640 0.0009764    0.1701 0.0002839  3.86e-05   0.08875   0.01603         0
     4/499        7G    0.0938   0.01666         0    0.1105         4       640 0.0008657    0.2585 0.0003903 6.207e-05    0.0881    0.0155         0
     5/499        7G   0.09225   0.01652         0    0.1088         4       640  0.001076   0.05442 0.0002919 4.243e-05   0.09015   0.01467         0
     6/499        7G   0.09209   0.01608         0    0.1082         4       640   0.01178   0.01361 0.0008505 0.0001228   0.08892   0.01451         0
     7/499        7G   0.09045   0.01605         0    0.1065         4       640  0.001712   0.02041 0.0007049 0.0001088    0.0863   0.01478         0
     8/499        7G    0.0918   0.01575         0    0.1076         4       640  0.006092   0.02721 0.0007085 0.0001233   0.09044   0.01392         0
     9/499        7G   0.09143   0.01556         0     0.107         4       640  0.002228   0.03401 0.0006593 0.0001038   0.08908     0.014         0
    10/499        7G   0.09058   0.01552         0    0.1061         4       640     0.001    0.2381 0.0004069 5.838e-05   0.08577   0.01438         0
    11/499        7G   0.08872   0.01558         0    0.1043         4       640  0.001213    0.2517 0.0005483 8.024e-05   0.08426   0.01453         0
    12/499        7G   0.08821   0.01582         0     0.104         4       640   0.02016   0.06122  0.003084 0.0004087    0.0853   0.01421         0
    13/499        7G   0.08648   0.01601         0    0.1025         4       640  0.001507    0.2041 0.0004896 6.888e-05   0.08612   0.01359         0
    14/499        7G   0.08545   0.01621         0    0.1017         4       640  0.001272    0.1293 0.0003591 5.047e-05   0.08751   0.01383         0
    15/499        7G   0.08492   0.01612         0     0.101         4       640  0.004212   0.05442  0.002539 0.0004295   0.07898   0.01498         0
    16/499        7G   0.08313   0.01646         0   0.09959         4       640  0.005828   0.04082  0.002113 0.0003396   0.08154   0.01414         0
    17/499        7G   0.08123   0.01685         0   0.09808         4       640  0.005633   0.02721  0.001319  0.000214   0.08677   0.01309         0
    18/499        7G   0.07913   0.01723         0   0.09636         4       640   0.01059    0.1088  0.005322 0.0008082   0.07711   0.01504         0
    19/499        7G   0.07851   0.01716         0   0.09567         4       640   0.01635   0.05442  0.005358 0.0009914   0.07661   0.01504         0
    20/499        7G   0.07676   0.01733         0   0.09409         4       640   0.02402     0.102   0.01201  0.001675   0.07595   0.01467         0
    21/499        7G   0.07607   0.01712         0   0.09319         4       640   0.03349   0.03401  0.004704 0.0008139   0.08142    0.0142         0
    22/499        7G   0.07315   0.01724         0   0.09039         4       640   0.01687    0.1497  0.007811   0.00126   0.07575   0.01492         0
    23/499        7G    0.0723   0.01725         0   0.08955         4       640   0.02572    0.1088   0.01156  0.002214   0.07386   0.01529         0
    24/499        7G   0.07171   0.01667         0   0.08838         4       640    0.1171    0.1497   0.03341  0.006009   0.07345    0.0146         0
    25/499        7G   0.07204   0.01647         0   0.08851         4       640   0.02086    0.1361  0.009944  0.001683   0.07829   0.01309         0
    26/499        7G   0.06921   0.01663         0   0.08584         4       640   0.04555   0.07483   0.01845  0.004273    0.0828   0.01276         0
    27/499        7G   0.06854   0.01639         0   0.08494         4       640    0.1141    0.1361   0.05765   0.01208   0.06869   0.01388         0
    28/499        7G    0.0695    0.0161         0    0.0856         4       640     0.158    0.2109     0.115   0.03276   0.06677   0.01383         0
    29/499        7G   0.06653   0.01603         0   0.08257         4       640    0.1811    0.1973    0.0842   0.02117   0.06773   0.01388         0
    30/499        7G   0.06573   0.01576         0   0.08149         4       640    0.1415    0.2041   0.07584   0.02038   0.07084   0.01307         0
    31/499        7G   0.06569   0.01581         0    0.0815         4       640    0.3645    0.2857     0.187   0.04026   0.06807   0.01311         0
    32/499        7G   0.06493   0.01556         0   0.08049         4       640     0.182    0.1497   0.07348   0.01301   0.06472   0.01378         0
    33/499        7G   0.06422    0.0148         0   0.07902         4       640    0.2524    0.1701    0.1006    0.0193    0.0707   0.01363         0
    34/499        7G   0.06146   0.01441         0   0.07587         4       640    0.1863    0.1973   0.08445      0.02   0.06783   0.01391         0
    35/499        7G    0.0625   0.01421         0   0.07671         4       640 0.0009526    0.2449 0.0002562 4.062e-05    0.1085   0.00943         0
    36/499        7G   0.06053   0.01416         0    0.0747         4       640     0.253    0.1293   0.08243   0.02044   0.07606    0.0124         0
    37/499        7G   0.05972   0.01378         0    0.0735         4       640    0.2707    0.1088   0.07602   0.01862   0.07476   0.01433         0
    38/499        7G   0.05882   0.01335         0   0.07217         4       640    0.2096    0.2177    0.1362   0.02524   0.06921   0.01302         0
    39/499        7G   0.05796   0.01292         0   0.07088         4       640    0.5192    0.3537    0.3616    0.0959   0.05916   0.01184         0
    40/499        7G   0.05793   0.01306         0   0.07099         4       640  0.007461    0.1156  0.001571 0.0002723    0.1017   0.01029         0
    41/499        7G   0.05543   0.01252         0   0.06795         4       640    0.6836     0.517    0.5176    0.1553   0.05522   0.01092         0
    42/499        7G   0.05383   0.01178         0   0.06562         4       640    0.5136    0.2443    0.2613   0.07063   0.06483   0.01269         0
    43/499        7G   0.05446   0.01168         0   0.06614         4       640    0.5617    0.4271    0.4068    0.1168   0.05614    0.0114         0
    44/499        7G   0.05267   0.01191         0   0.06458         4       640    0.5964    0.4354     0.435    0.1062    0.0591    0.0111         0
    45/499        7G   0.05272    0.0115         0   0.06422         4       640    0.7891    0.5374    0.5836    0.1741   0.05329   0.01059         0
    46/499        7G   0.04979    0.0111         0   0.06089         4       640    0.6951    0.3265    0.3833    0.1214    0.0686   0.01096         0
    47/499        7G   0.05286    0.0106         0   0.06346         4       640    0.6913    0.6259    0.6159    0.2376   0.05237  0.009814         0
    48/499        7G   0.05046   0.01071         0   0.06117         4       640    0.7378    0.5374    0.5682    0.1701    0.0558   0.01056         0
    49/499        7G   0.05046   0.01016         0   0.06061         4       640    0.7407    0.5646    0.6398    0.2228   0.05095  0.009948         0
    50/499        7G   0.04962   0.01032         0   0.05994         4       640    0.7928    0.6248    0.6795    0.2358   0.05039  0.009614         0
    51/499        7G   0.04965  0.009908         0   0.05956         4       640    0.7445    0.5352    0.6181    0.2094   0.05235  0.009415         0
    52/499        7G   0.04778   0.01004         0   0.05782         4       640    0.7042    0.6316    0.6948    0.2432   0.05015   0.00927         0
    53/499        7G   0.04783  0.009873         0    0.0577         4       640    0.7148    0.6667    0.6915    0.2561   0.05065  0.009168         0
    54/499        7G   0.04707  0.009701         0   0.05677         4       640    0.5969    0.3946    0.4038    0.1517    0.0638   0.01181         0
    55/499        7G   0.04718  0.009258         0   0.05643         4       640    0.3856    0.1769    0.1483   0.04581   0.07137   0.01371         0
    56/499        7G   0.04602  0.009539         0   0.05555         4       640    0.8409    0.6122    0.7228    0.2842   0.04857  0.008518         0
    57/499        7G   0.04537   0.00951         0   0.05488         4       640    0.8062    0.6793    0.7362    0.2816   0.04565  0.008702         0
    58/499        7G   0.04382  0.009276         0   0.05309         4       640    0.8219    0.6599      0.75    0.2881   0.04607  0.008794         0
    59/499        7G    0.0457  0.009076         0   0.05477         4       640    0.8202    0.7139     0.803    0.2953   0.04631  0.008084         0
    60/499        7G   0.04552  0.009067         0   0.05459         4       640    0.8243    0.7342    0.7818    0.3071   0.04859  0.008357         0
    61/499        7G   0.04542  0.009123         0   0.05454         4       640    0.8199    0.7483    0.8071    0.3282   0.04709  0.007973         0
    62/499        7G   0.04214  0.008811         0   0.05095         4       640    0.8241    0.8299     0.829    0.3567    0.0438  0.007743         0
    63/499        7G   0.04569  0.008739         0   0.05443         4       640    0.8138    0.6259    0.7044    0.2603   0.04799  0.009019         0
    64/499        7G   0.04473  0.008987         0   0.05371         4       640     0.781    0.6794    0.7417    0.2576   0.04817  0.008977         0
    65/499        7G   0.04304  0.008802         0   0.05184         4       640    0.8974    0.7137    0.8239    0.3091   0.04494  0.007831         0
    66/499        7G   0.04193  0.008577         0   0.05051         4       640    0.8593    0.7481     0.831    0.3496    0.0437  0.007991         0
    67/499        7G   0.04169  0.008363         0   0.05005         4       640    0.8343     0.619    0.6739    0.2635   0.04521  0.008834         0
    68/499        7G   0.04197  0.008386         0   0.05036         4       640    0.8129    0.7483    0.8063    0.3424   0.04567  0.007536         0
    69/499        7G    0.0413  0.008411         0   0.04971         4       640    0.8368    0.8024    0.8249    0.3515   0.04497  0.007481         0
    70/499        7G   0.04046  0.008381         0   0.04885         4       640    0.8977    0.5969    0.7657    0.2775   0.04591  0.008532         0
    71/499        7G   0.04205  0.008264         0   0.05031         4       640    0.8444    0.7751    0.8508    0.3452   0.04388  0.007512         0
    72/499        7G   0.04191  0.008182         0   0.05009         4       640     0.728    0.5098    0.5706    0.2219   0.04944  0.009798         0
    73/499        7G   0.03974  0.007982         0   0.04772         4       640    0.8527    0.7481    0.8188    0.3682   0.04333  0.007734         0
    74/499        7G    0.0402  0.008156         0   0.04835         4       640    0.7431    0.7687    0.7725    0.2757   0.04678   0.00769         0
    75/499        7G   0.04124  0.008069         0   0.04931         4       640    0.7497    0.7132    0.7559    0.2946   0.04601  0.007836         0
    76/499        7G   0.03917  0.008071         0   0.04725         4       640    0.8125    0.8027    0.8339    0.3671   0.04261  0.007651         0
    77/499        7G   0.03978  0.007824         0    0.0476         4       640    0.8275    0.7551    0.8309    0.3439   0.04414  0.007538         0
    78/499        7G   0.03905  0.007845         0   0.04689         4       640    0.9112    0.7687      0.87    0.3975   0.04091  0.007353         0
    79/499        7G   0.03968  0.008012         0   0.04769         4       640     0.856    0.7278    0.8107    0.3447   0.04286  0.007458         0
    80/499        7G   0.04003  0.008013         0   0.04804         4       640    0.8635    0.7745    0.8258    0.3411   0.04483  0.007646         0
    81/499        7G   0.03794  0.007916         0   0.04585         4       640    0.8642    0.8223    0.8563    0.3717   0.04427  0.007316         0
    82/499        7G   0.03732  0.007757         0   0.04508         4       640    0.9241    0.8299    0.9141    0.3942   0.04138  0.006948         0
    83/499        7G   0.04027   0.00766         0   0.04793         4       640    0.9103    0.6939    0.8519    0.3086   0.04399  0.007728         0
    84/499        7G   0.03906  0.007799         0   0.04686         4       640    0.8208    0.6854    0.7892    0.3202   0.04467  0.007585         0
    85/499        7G   0.03927  0.007887         0   0.04715         4       640    0.7947    0.8161     0.845    0.3516   0.04351  0.007408         0
    86/499        7G   0.03753  0.007687         0   0.04522         4       640    0.8622    0.8095    0.8623    0.3942   0.04028  0.007021         0
    87/499        7G   0.03949  0.007681         0   0.04717         4       640      0.86    0.7551    0.8476    0.3499   0.04295  0.007784         0
    88/499        7G   0.03893  0.007681         0   0.04661         4       640    0.8321     0.809    0.8214    0.3457   0.04228  0.007584         0
    89/499        7G   0.03835   0.00773         0   0.04608         4       640     0.868    0.8503    0.8851    0.4188   0.04111  0.007095         0
    90/499        7G   0.03649  0.007556         0   0.04405         4       640    0.7981    0.7279    0.7637    0.3187   0.04364  0.008128         0
    91/499        7G   0.03725  0.007584         0   0.04484         4       640    0.8931    0.7959    0.8715    0.3647   0.04208  0.007143         0
    92/499        7G   0.03727  0.007616         0   0.04489         4       640    0.8449    0.7823     0.843    0.3852   0.04042  0.007073         0
    93/499        7G   0.03566  0.007576         0   0.04324         4       640    0.8353    0.8299    0.8783    0.4113   0.04084  0.007182         0
    94/499        7G   0.03668  0.007474         0   0.04415         4       640     0.875    0.8095    0.8772    0.4234   0.04053  0.007087         0
    95/499        7G   0.03666  0.007248         0   0.04391         4       640     0.872    0.7412    0.8497    0.3823   0.04205  0.007791         0
    96/499        7G   0.03633  0.007363         0   0.04369         4       640    0.7657    0.6939    0.7636     0.292   0.04729   0.00815         0
    97/499        7G   0.03637  0.007408         0   0.04378         4       640    0.8681    0.8095    0.8601    0.4099   0.04177  0.007036         0
    98/499        7G    0.0361  0.007499         0    0.0436         4       640    0.8846    0.8348    0.8737    0.3987    0.0418  0.007089         0
    99/499        7G   0.03681  0.007294         0   0.04411         4       640    0.8717    0.7959    0.8595    0.4196   0.03967  0.006881         0
   100/499        7G   0.03635  0.007325         0   0.04368         4       640    0.8668    0.7551    0.8518    0.3519   0.04261   0.00715         0
   101/499        7G   0.03584  0.007374         0   0.04322         4       640    0.8523    0.8638    0.8614    0.4036   0.04091   0.00673         0
   102/499        7G   0.03634  0.007439         0   0.04378         4       640    0.8445      0.85    0.8814    0.3919   0.04176  0.007194         0
   103/499        7G   0.03542  0.007166         0   0.04259         4       640    0.8609    0.8842    0.8817    0.4256   0.03976   0.00663         0
   104/499        7G   0.03614  0.007128         0   0.04326         4       640    0.8902    0.8844    0.8863    0.4115   0.04049  0.006784         0
   105/499        7G   0.03404  0.007069         0   0.04111         4       640    0.8476    0.8705    0.8716    0.4206   0.03969  0.006744         0
   106/499        7G   0.03464  0.006988         0   0.04163         4       640    0.8947    0.8095    0.8966    0.3964   0.04086  0.007266         0
   107/499        7G    0.0362  0.006971         0   0.04317         4       640    0.7934    0.8367    0.8462    0.3586   0.04194  0.007472         0
   108/499        7G   0.03536  0.007205         0   0.04257         4       640    0.9104    0.8299    0.8707    0.3871   0.04398  0.007449         0
   109/499        7G   0.03526  0.007239         0    0.0425         4       640    0.8571    0.8569    0.8657    0.3908   0.04046  0.006945         0
   110/499        7G   0.03324  0.006975         0   0.04021         4       640    0.8724    0.8844     0.885    0.4111   0.03829    0.0069         0
   111/499        7G   0.03473  0.006985         0   0.04171         4       640    0.9041    0.8978     0.915     0.438   0.03854  0.006896         0
   112/499        7G   0.03314  0.007071         0   0.04022         4       640    0.8661    0.7481      0.83    0.3477   0.04487  0.007431         0
   113/499        7G   0.03404  0.006966         0   0.04101         4       640    0.9177    0.8367    0.9065    0.4242   0.04047  0.006657         0
   114/499        7G   0.03501  0.006942         0   0.04196         4       640    0.9012    0.8707    0.9038     0.395   0.04054  0.007001         0
   115/499        7G   0.03482  0.006796         0   0.04162         4       640    0.8741    0.8499    0.8812    0.3984    0.0405  0.007125         0
   116/499        7G   0.03445  0.006863         0   0.04131         4       640    0.8532    0.8697    0.8983    0.4282   0.03951   0.00673         0
   117/499        7G   0.03376  0.006807         0   0.04057         4       640    0.8849    0.8912    0.9149     0.412   0.03949   0.00652         0
   118/499        7G   0.03394  0.006907         0   0.04084         4       640    0.8449    0.8163     0.882    0.3712   0.04038  0.007417         0
   119/499        7G   0.03372  0.006969         0   0.04069         4       640    0.9055    0.8503    0.9095     0.424   0.03997  0.006675         0
   120/499        7G   0.03426  0.006799         0   0.04106         4       640    0.8689    0.8571    0.8838    0.4212   0.04044  0.006633         0
   121/499        7G   0.03398   0.00676         0   0.04074         4       640    0.8723    0.8366    0.8886    0.4142   0.03933    0.0065         0
   122/499        7G   0.03381  0.006989         0    0.0408         4       640    0.8464    0.8299    0.8603    0.3858   0.04164  0.006894         0
   123/499        7G   0.03497  0.006685         0   0.04165         4       640    0.8424    0.8366    0.8631    0.3758   0.04031  0.006815         0
   124/499        7G   0.03478  0.006936         0   0.04171         4       640    0.8354    0.8631    0.8807    0.3967   0.04016  0.006906         0
   125/499        7G    0.0334  0.006741         0   0.04015         4       640    0.8163    0.8231    0.8454    0.3885   0.04264  0.007008         0
   126/499        7G   0.03191  0.006679         0   0.03859         4       640    0.9161    0.8909    0.9043    0.3992   0.03971  0.006658         0
   127/499        7G   0.03311  0.006768         0   0.03987         4       640    0.9089    0.8163    0.8813    0.3972    0.0388   0.00683         0
   128/499        7G   0.03273  0.006613         0   0.03934         4       640    0.8708    0.8776    0.9001    0.4147   0.03944  0.006868         0
   129/499        7G   0.03255  0.006557         0   0.03911         4       640    0.9019    0.8758    0.8901    0.4017   0.03902  0.006675         0
   130/499        7G   0.03179  0.006583         0   0.03837         4       640    0.9014    0.8706    0.8913    0.4249   0.03913  0.006784         0
   131/499        7G   0.03277   0.00654         0   0.03931         4       640    0.9437    0.9115    0.9171    0.4336   0.03895  0.006356         0
   132/499        7G   0.03291   0.00661         0   0.03952         4       640    0.8732    0.8433    0.8647    0.4257   0.03976  0.006646         0
   133/499        7G    0.0324  0.006642         0   0.03905         4       640    0.8625    0.8571    0.8663    0.3926   0.04174  0.007018         0
   134/499        7G   0.03189  0.006836         0   0.03873         4       640    0.8889    0.8707    0.8973    0.4037   0.04074  0.006635         0
   135/499        7G   0.03249  0.006673         0   0.03917         4       640    0.8937    0.8707    0.8922    0.4195   0.03966  0.006731         0
   136/499        7G     0.031  0.006595         0   0.03759         4       640    0.8478    0.7958    0.8454    0.4079   0.04193  0.007243         0
   137/499        7G   0.03275  0.006647         0    0.0394         4       640    0.8815    0.9107    0.9041    0.4353   0.03955  0.006158         0
   138/499        7G   0.03129  0.006516         0   0.03781         4       640     0.907    0.7957    0.8773    0.4025   0.04045  0.006611         0
   139/499        7G   0.03304  0.006581         0   0.03963         4       640    0.8329    0.8503    0.8835    0.4042   0.04015  0.006689         0
   140/499        7G   0.03256  0.006599         0   0.03916         4       640    0.8626     0.898    0.8862    0.4008   0.04103  0.006803         0
   141/499        7G   0.03143  0.006238         0   0.03766         4       640     0.868    0.8502    0.8862    0.3968   0.04159  0.006791         0
   142/499        7G   0.03119  0.006378         0   0.03757         4       640    0.9191    0.8501    0.8927    0.4396   0.03856  0.006334         0
   143/499        7G   0.03078  0.006434         0   0.03722         4       640    0.8915    0.7821    0.8421    0.3875    0.0413  0.007528         0
   144/499        7G   0.03206  0.006606         0   0.03866         4       640    0.8671    0.8435    0.8704    0.4067   0.04067  0.006684         0
   145/499        7G   0.03094  0.006405         0   0.03735         4       640    0.8775    0.8775    0.8533    0.4117   0.03878  0.006426         0
   146/499        7G   0.03048  0.006431         0   0.03692         4       640    0.8387    0.8503    0.8608    0.4221   0.03888   0.00646         0
   147/499        7G   0.03068  0.006326         0   0.03701         4       640    0.8808    0.9047    0.8947    0.4187   0.03999  0.006392         0
   148/499        7G    0.0311  0.006329         0   0.03743         4       640    0.8858     0.898     0.904    0.4339   0.03983  0.006267         0
   149/499        7G   0.03132  0.006325         0   0.03765         4       640    0.9415    0.8776    0.9219    0.4461    0.0385  0.006347         0
   150/499        7G   0.03181  0.006456         0   0.03826         4       640    0.9083    0.8776    0.8982    0.4289   0.04024   0.00658         0
   151/499        7G   0.03144   0.00639         0   0.03783         4       640    0.8784    0.8367    0.8845    0.4195   0.03999  0.006628         0
   152/499        7G   0.03014  0.006361         0    0.0365         4       640    0.9081    0.8776    0.9057    0.4347   0.03932  0.006517         0
   153/499        7G   0.03065  0.006267         0   0.03691         4       640    0.8581    0.8638    0.8814    0.4277   0.03974  0.006722         0
   154/499        7G   0.03136  0.006218         0   0.03758         4       640    0.8611    0.8013    0.8584      0.42   0.04007  0.006797         0
   155/499        7G   0.03052  0.006186         0    0.0367         4       640    0.9013    0.8702    0.8924    0.4408   0.03789  0.006388         0
   156/499        7G    0.0305  0.006204         0   0.03671         4       640    0.8929    0.8503    0.8884    0.3984   0.04094  0.006656         0
   157/499        7G   0.03051  0.006137         0   0.03665         4       640    0.9069    0.8639    0.8875    0.4339   0.03889  0.006726         0
   158/499        7G   0.02978  0.006314         0    0.0361         4       640     0.875    0.9047    0.8988    0.4403   0.03894  0.006432         0
   159/499        7G   0.03076  0.006187         0   0.03695         4       640    0.8888    0.9252    0.8933    0.4277   0.03931  0.006365         0
   160/499        7G   0.03134  0.006159         0    0.0375         4       640    0.8964    0.8844    0.8958    0.4051    0.0412  0.006659         0
   161/499        7G   0.03103  0.006266         0   0.03729         4       640    0.8834     0.932    0.9162    0.4519   0.03789  0.006189         0
   162/499        7G   0.02957  0.006117         0   0.03569         4       640    0.9034    0.8911    0.8875    0.4431   0.03859   0.00641         0
   163/499        7G   0.02925  0.005909         0   0.03516         4       640    0.9161     0.891     0.911    0.4469   0.03814  0.006415         0
   164/499        7G   0.02992   0.00605         0   0.03597         4       640    0.9021    0.8775    0.8981    0.4258   0.03885  0.006332         0
   165/499        7G   0.03019  0.006087         0   0.03628         4       640    0.8878    0.8639    0.8969    0.4258    0.0386  0.006472         0
   166/499        7G   0.02957  0.006247         0   0.03581         4       640    0.8666    0.8842    0.8967     0.443   0.03864  0.006314         0
   167/499        7G   0.03039  0.006234         0   0.03662         4       640    0.8885    0.8163    0.8819     0.452   0.03805  0.006403         0
   168/499        7G   0.02951  0.006146         0   0.03565         4       640    0.8291    0.8912    0.8854    0.4437   0.03986  0.006333         0
   169/499        7G   0.02851  0.006103         0   0.03461         4       640    0.8905    0.8295    0.8759    0.4059   0.04015   0.00688         0
   170/499        7G   0.03062  0.006229         0   0.03685         4       640    0.8459    0.8231    0.8629    0.3971   0.03896  0.006885         0
   171/499        7G   0.02794  0.005924         0   0.03387         4       640    0.8971    0.8912    0.8937    0.4344   0.03872  0.006396         0
   172/499        7G   0.02917  0.006067         0   0.03524         4       640    0.9014    0.8707    0.8979    0.4338    0.0397  0.006388         0
   173/499        7G   0.02908   0.00601         0   0.03509         4       640    0.8479    0.9116    0.8911    0.4191   0.04012  0.006632         0
   174/499        7G   0.02885   0.00603         0   0.03488         4       640    0.9149    0.8775       0.9    0.4581   0.03878  0.006389         0
   175/499        7G   0.02905  0.005995         0   0.03505         4       640    0.9097    0.8911    0.8981    0.4089   0.04047  0.006803         0
   176/499        7G   0.02933  0.006015         0   0.03534         4       640    0.9124    0.8502    0.8878    0.4401   0.03875  0.006556         0
   177/499        7G   0.02991  0.006073         0   0.03599         4       640    0.8863    0.8503    0.8688    0.4137   0.04102  0.007013         0
   178/499        7G   0.02906  0.006013         0   0.03507         4       640    0.8791    0.8906    0.8977    0.4292   0.03864  0.006453         0
   179/499        7G   0.02874  0.005878         0   0.03462         4       640    0.9145    0.8776    0.8966    0.4295   0.03846  0.006571         0
   180/499        7G   0.02876  0.006073         0   0.03483         4       640    0.8741    0.8503    0.8968    0.4415   0.04014  0.006617         0
   181/499        7G   0.02824  0.005954         0   0.03419         4       640    0.8836    0.8775    0.9037    0.4166   0.04016  0.006854         0
   182/499        7G   0.02825  0.006036         0   0.03429         4       640    0.8874    0.9113    0.9251    0.4251   0.03863  0.006406         0
   183/499        7G   0.02832  0.006005         0   0.03433         4       640    0.8807    0.9048    0.8993    0.4461   0.03847  0.006259         0
   184/499        7G   0.02833  0.005961         0    0.0343         4       640    0.8333    0.8503    0.8675    0.4054   0.03878  0.006628         0
   185/499        7G   0.02843  0.005929         0   0.03435         4       640     0.849    0.9183    0.8744    0.4327   0.03759  0.006334         0
   186/499        7G   0.02863  0.005765         0    0.0344         4       640    0.8986    0.9047    0.9244    0.4496   0.03772   0.00639         0
   187/499        7G   0.02909  0.006006         0    0.0351         4       640    0.8851    0.8911    0.8984    0.4372   0.03869  0.006373         0
   188/499        7G   0.02975   0.00598         0   0.03573         4       640    0.9259    0.8502    0.8944    0.4262   0.03931  0.006538         0
   189/499        7G   0.02872  0.005882         0    0.0346         4       640     0.902    0.8776    0.8878    0.4251   0.03838  0.006963         0
   190/499        7G   0.02774  0.005692         0   0.03344         4       640    0.9247    0.9183    0.9267    0.4739   0.03682  0.006409         0
   191/499        7G   0.02779  0.005771         0   0.03356         4       640    0.8848    0.8912    0.9028    0.4625   0.03778  0.006349         0
   192/499        7G   0.02877   0.00591         0   0.03468         4       640    0.8802    0.8499    0.8797    0.4175   0.04074  0.006626         0
   193/499        7G   0.02764  0.005821         0   0.03346         4       640    0.8919    0.8979    0.9076    0.4755   0.03695  0.006285         0
   194/499        7G   0.02783  0.005798         0   0.03363         4       640    0.9023    0.8844    0.8981    0.4676    0.0372   0.00622         0
   195/499        7G   0.02834  0.005814         0   0.03416         4       640    0.9143    0.8707    0.8919    0.4308   0.03916  0.006609         0
   196/499        7G   0.02804   0.00563         0   0.03367         4       640    0.8843    0.8844    0.8798    0.4196   0.04042  0.006647         0
   197/499        7G   0.02751  0.005688         0    0.0332         4       640    0.8993    0.9116    0.8991     0.461   0.03775  0.006442         0
   198/499        7G   0.02731  0.005786         0    0.0331         4       640    0.9109    0.9044    0.9355    0.4333   0.03749  0.006389         0
   199/499        7G   0.02844  0.005684         0   0.03413         4       640    0.9047    0.9046    0.9015    0.4346   0.03892  0.006412         0
   200/499        7G   0.02779  0.005776         0   0.03357         4       640    0.9241    0.9115    0.9247    0.4273   0.03838  0.006379         0
   201/499        7G   0.02713  0.005565         0    0.0327         4       640    0.8958    0.8776    0.8983    0.4522   0.03768  0.006155         0
   202/499        7G   0.02727  0.005746         0   0.03301         4       640    0.9209    0.8707    0.8767    0.4389   0.03936  0.006757         0
   203/499        7G   0.02692  0.005556         0   0.03248         4       640    0.8933    0.9116    0.8893    0.4488   0.03871  0.006583         0
   204/499        7G   0.02725  0.005593         0   0.03285         4       640    0.9034    0.8912    0.9001    0.4269   0.03863  0.006598         0
   205/499        7G   0.02667  0.005456         0   0.03213         4       640     0.951    0.9251    0.9374    0.4397   0.03872  0.006597         0
   206/499        7G   0.02715  0.005687         0   0.03284         4       640    0.8972    0.8912    0.8885    0.4581     0.038  0.006411         0
   207/499        7G    0.0269  0.005586         0   0.03249         4       640    0.9161     0.891    0.8926     0.453    0.0372  0.006397         0
   208/499        7G   0.02674  0.005456         0   0.03219         4       640    0.8842    0.8844    0.9058    0.4372   0.03962  0.006582         0
   209/499        7G   0.02736  0.005476         0   0.03284         4       640    0.8965    0.8843    0.8892     0.428   0.03908  0.006507         0
   210/499        7G   0.02718  0.005542         0   0.03272         4       640    0.9047    0.9043     0.919     0.462   0.03865  0.006523         0
   211/499        7G   0.02649   0.00555         0   0.03204         4       640    0.9225    0.8912    0.9134    0.4788   0.03674  0.006288         0
   212/499        7G   0.02684  0.005462         0    0.0323         4       640    0.9155     0.884    0.9078    0.4555   0.03767  0.006282         0
   213/499        7G   0.02579  0.005551         0   0.03134         4       640    0.8933    0.9113    0.9178    0.4513    0.0378   0.00645         0
   214/499        7G   0.02653  0.005432         0   0.03196         4       640    0.9229     0.898    0.9389    0.4639   0.03713  0.006536         0
   215/499        7G   0.02645  0.005554         0     0.032         4       640    0.9172    0.9048    0.9112    0.4527   0.03732  0.006521         0
   216/499        7G   0.02685  0.005582         0   0.03243         4       640    0.9096    0.8912    0.9085    0.4615   0.03712  0.006306         0
   217/499        7G   0.02621  0.005399         0   0.03161         4       640    0.8958    0.8774    0.8929     0.464   0.03707  0.006303         0
   218/499        7G   0.02584  0.005505         0   0.03134         4       640    0.9291    0.8908    0.9203    0.4479   0.03736  0.006454         0
   219/499        7G   0.02706  0.005442         0   0.03251         4       640    0.9115    0.9116    0.9117    0.4571   0.03796   0.00647         0
   220/499        7G   0.02626  0.005533         0   0.03179         4       640    0.9048    0.9047    0.9079    0.4536   0.03805  0.006488         0
   221/499        7G   0.02655  0.005427         0   0.03197         4       640    0.9167    0.8979    0.9059    0.4634   0.03737   0.00623         0
   222/499        7G   0.02522  0.005398         0   0.03061         4       640    0.8888    0.8704    0.8872    0.4625   0.03741  0.006341         0
   223/499        7G   0.02601  0.005284         0   0.03129         4       640    0.8859     0.898    0.8795    0.4548   0.03751  0.006447         0
   224/499        7G   0.02627  0.005319         0   0.03159         4       640    0.9184    0.9183    0.9213    0.4409   0.03801  0.006367         0
   225/499        7G   0.02634  0.005385         0   0.03173         4       640    0.9038     0.898    0.9138    0.4683   0.03847  0.006336         0
   226/499        7G   0.02586  0.005246         0    0.0311         4       640      0.93    0.9048    0.9162    0.4704   0.03736  0.006246         0
   227/499        7G   0.02548  0.005261         0   0.03074         4       640    0.9214    0.8775    0.9015    0.4458    0.0381  0.006804         0
   228/499        7G   0.02544  0.005374         0   0.03081         4       640    0.8924    0.9048    0.8939    0.4509   0.03866   0.00656         0
   229/499        7G   0.02551  0.005171         0   0.03068         4       640    0.8889    0.9251     0.908    0.4523   0.03755  0.006387         0
   230/499        7G   0.02568  0.005302         0   0.03098         4       640    0.9225    0.8911    0.8919    0.4493   0.03738  0.006553         0
   231/499        7G   0.02488   0.00526         0   0.03014         4       640    0.9289    0.8912    0.9033    0.4702    0.0369  0.006448         0
   232/499        7G   0.02505  0.005461         0   0.03051         4       640     0.875    0.9048    0.8823    0.4355   0.03833  0.006651         0
   233/499        7G   0.02399  0.005086         0   0.02908         4       640     0.906    0.9182    0.8926     0.457   0.03724  0.006507         0
   234/499        7G   0.02485  0.005293         0   0.03015         4       640    0.9298    0.9048    0.9235    0.4625   0.03712  0.006235         0
   235/499        7G   0.02455   0.00516         0   0.02971         4       640    0.9477    0.8639    0.9196    0.4527   0.03802  0.006457         0
   236/499        7G   0.02531  0.005102         0   0.03041         4       640    0.9296     0.898    0.9078    0.4517   0.03781  0.006625         0
   237/499        7G    0.0244  0.005235         0   0.02963         4       640    0.9077    0.8707    0.8855    0.4479   0.03792  0.006892         0
   238/499        7G   0.02559  0.005338         0   0.03092         4       640    0.9109    0.9045     0.923    0.4493   0.03724  0.006328         0
   239/499        7G   0.02493  0.005255         0   0.03019         4       640    0.8513    0.8571    0.8736    0.4378   0.03771  0.006629         0
   240/499        7G   0.02537  0.005288         0   0.03066         4       640    0.8723    0.8844    0.8733    0.4454   0.03835  0.006656         0
   241/499        7G   0.02454  0.005097         0   0.02964         4       640    0.8517    0.8639    0.8728    0.4411   0.03914  0.006569         0
   242/499        7G   0.02474   0.00532         0   0.03006         4       640    0.8627    0.8977    0.8907    0.4463   0.03839  0.006565         0
   243/499        7G   0.02483  0.005343         0   0.03018         4       640    0.8889    0.8706     0.894    0.4428   0.03849  0.007052         0
   244/499        7G   0.02444  0.005159         0    0.0296         4       640    0.8912    0.8912    0.8874    0.4483   0.03797  0.006875         0
   245/499        7G   0.02445  0.005129         0   0.02958         4       640    0.9019    0.8776    0.8989    0.4488   0.03767  0.006567         0
   246/499        7G   0.02463  0.005134         0   0.02976         4       640    0.8784    0.8843    0.8943    0.4572   0.03824  0.006391         0
   247/499        7G   0.02472  0.005119         0   0.02984         4       640    0.9167    0.8978    0.8951     0.456   0.03794  0.006407         0
   248/499        7G   0.02426  0.005118         0   0.02937         4       640    0.8391    0.8163    0.8341    0.4005   0.04097  0.007595         0
   249/499        7G   0.02428  0.005165         0   0.02944         4       640    0.8618    0.8911    0.8564    0.4455   0.03801  0.006681         0
   250/499        7G   0.02365   0.00504         0   0.02869         4       640    0.9097    0.8912    0.8834    0.4622   0.03751  0.006443         0
   251/499        7G   0.02324    0.0049         0   0.02814         4       640    0.8749    0.9048    0.8973    0.4566   0.03721  0.006353         0
   252/499        7G   0.02438  0.005175         0   0.02955         4       640    0.9167    0.8978    0.9154    0.4598    0.0383  0.006321         0
   253/499        7G   0.02416  0.005139         0    0.0293         4       640    0.9371    0.9116    0.9185      0.47   0.03734  0.006419         0
   254/499        7G   0.02376  0.004983         0   0.02874         4       640    0.9161    0.8911    0.9172    0.4568   0.03743   0.00664         0
   255/499        7G   0.02405  0.005054         0   0.02911         4       640    0.9054    0.9116    0.9249    0.4771   0.03713  0.006289         0
   256/499        7G   0.02362  0.005145         0   0.02877         4       640     0.859    0.8707    0.8916    0.4292   0.03801  0.006557         0
   257/499        7G   0.02263  0.004979         0   0.02761         4       640       0.9    0.9183    0.9186    0.4632   0.03737  0.006227         0
   258/499        7G   0.02289  0.004861         0   0.02775         4       640    0.9103     0.898    0.9151     0.469   0.03784  0.006318         0
   259/499        7G   0.02348  0.004908         0   0.02839         4       640    0.9241    0.9111    0.9208    0.4776   0.03685  0.006368         0
   260/499        7G   0.02414   0.00514         0   0.02928         4       640    0.8903    0.9387     0.929     0.456   0.03787  0.006526         0
   261/499        7G   0.02329  0.004931         0   0.02822         4       640       0.9    0.9182    0.9254     0.454   0.03778  0.006574         0
   262/499        7G   0.02388  0.005048         0   0.02892         4       640    0.8353     0.898    0.9077     0.437   0.03762  0.006737         0
   263/499        7G   0.02323  0.004836         0   0.02806         4       640    0.9047    0.9048    0.9123    0.4838   0.03694   0.00635         0
   264/499        7G   0.02358  0.004971         0   0.02855         4       640    0.9121    0.9184    0.9148    0.4513   0.03857  0.006458         0
   265/499        7G   0.02322  0.004758         0   0.02798         4       640    0.8799     0.898     0.884    0.4354   0.03839  0.006747         0
   266/499        7G    0.0231    0.0049         0     0.028         4       640     0.925    0.9252    0.9172    0.4622   0.03746  0.006305         0
   267/499        7G   0.02379  0.004999         0   0.02879         4       640     0.904     0.898    0.9032    0.4539   0.03785  0.006434         0
   268/499        7G   0.02329  0.004946         0   0.02824         4       640    0.8841    0.8844    0.8939    0.4507   0.03784  0.006623         0
   269/499        7G   0.02249  0.004877         0   0.02736         4       640    0.8872    0.9116    0.9068    0.4581   0.03843  0.006597         0
   270/499        7G   0.02337  0.004854         0   0.02822         4       640    0.9247    0.9184    0.9283     0.474   0.03724  0.006435         0
   271/499        7G   0.02293  0.004692         0   0.02763         4       640    0.9182    0.9184    0.9154     0.451    0.0371  0.006576         0
   272/499        7G   0.02312  0.005082         0    0.0282         4       640    0.9172    0.9048    0.9169    0.4478   0.03772  0.006571         0
   273/499        7G   0.02364  0.004972         0   0.02862         4       640    0.9183    0.9184    0.9177    0.4512   0.03744  0.006426         0
   274/499        7G   0.02223  0.004948         0   0.02718         4       640    0.9066     0.925    0.9214    0.4726   0.03678  0.006245         0
   275/499        7G   0.02284  0.004865         0    0.0277         4       640    0.9225     0.891    0.9042     0.457   0.03765  0.006587         0
   276/499        7G   0.02324  0.004835         0   0.02808         4       640    0.9097    0.8912    0.8923    0.4525   0.03853   0.00663         0
   277/499        7G   0.02226  0.004762         0   0.02703         4       640     0.911    0.9047    0.9112    0.4684   0.03661  0.006331         0
   278/499        7G   0.02224  0.004819         0   0.02706         4       640    0.9299    0.9048    0.9081    0.4589    0.0368  0.006601         0
   279/499        7G   0.02301   0.00483         0   0.02784         4       640    0.9351    0.8844     0.926     0.475   0.03642  0.006389         0
   280/499        7G   0.02248  0.004773         0   0.02726         4       640    0.9171    0.9048    0.9098    0.4643   0.03749   0.00658         0
   281/499        7G   0.02189  0.004695         0   0.02658         4       640    0.9214    0.8774    0.9199    0.4715   0.03767  0.006872         0
   282/499        7G   0.02301  0.004847         0   0.02785         4       640    0.9281    0.8775    0.9158    0.4972   0.03626  0.006484         0
   283/499        7G     0.022  0.004864         0   0.02687         4       640    0.9178    0.9116    0.8872     0.473   0.03686  0.006394         0
   284/499        7G   0.02285  0.004655         0    0.0275         4       640    0.8858     0.898    0.9014    0.4638   0.03795  0.006594         0
   285/499        7G   0.02226  0.004756         0   0.02702         4       640    0.8733    0.8912    0.8964    0.4583    0.0382  0.006609         0
   286/499        7G   0.02259  0.004698         0   0.02728         4       640    0.9296    0.8979    0.9199    0.4632   0.03752  0.006509         0
   287/499        7G   0.02252  0.004763         0   0.02728         4       640     0.923    0.9116    0.9134    0.4391   0.03773  0.006934         0
   288/499        7G   0.02131  0.004687         0     0.026         4       640    0.8873    0.9109    0.9157    0.4516   0.03801  0.006792         0
   289/499        7G   0.02157  0.004569         0   0.02614         4       640    0.8958    0.8776    0.8775    0.4557   0.03889  0.006959         0
   290/499        7G   0.02198  0.004611         0   0.02659         4       640    0.9224    0.8912    0.9091    0.4443   0.03813  0.006816         0
   291/499        7G   0.02178  0.004669         0   0.02645         4       640    0.9047    0.9045    0.9101      0.46   0.03811  0.006619         0
   292/499        7G   0.02193  0.004741         0   0.02667         4       640    0.9244    0.9184    0.9192    0.4572   0.03799  0.006586         0
   293/499        7G   0.02138  0.004677         0   0.02605         4       640     0.924    0.9116    0.9078    0.4344   0.03757  0.006854         0
   294/499        7G   0.02137  0.004741         0   0.02611         4       640    0.9121    0.9184     0.922    0.4332    0.0379  0.006908         0
   295/499        7G   0.02115  0.004651         0    0.0258         4       640     0.911    0.9048    0.8934    0.4638   0.03744  0.006595         0
   296/499        7G   0.02129  0.004505         0   0.02579         4       640    0.9306    0.9115    0.9237     0.486   0.03708   0.00636         0
   297/499        7G   0.02155   0.00459         0   0.02614         4       640    0.9373    0.9184    0.9312    0.4831   0.03653   0.00642         0
   298/499        7G   0.02069  0.004565         0   0.02525         4       640    0.8965    0.8843     0.884    0.4637   0.03724  0.006751         0
   299/499        7G   0.02165  0.004615         0   0.02626         4       640    0.9028    0.8842    0.8999    0.4554    0.0383   0.00691         0
   300/499        7G   0.02087   0.00448         0   0.02535         4       640    0.9054    0.9115    0.9094    0.4609   0.03812   0.00686         0
   301/499        7G   0.02163  0.004507         0   0.02614         4       640    0.9222    0.8912    0.9036    0.4534   0.03816  0.006807         0
   302/499        7G   0.02077  0.004526         0    0.0253         4       640    0.9109    0.9048    0.8999    0.4496   0.03813  0.006775         0
   303/499        7G   0.02152  0.004585         0   0.02611         4       640     0.923     0.898     0.914     0.455   0.03767  0.006695         0
   304/499        7G    0.0212  0.004526         0   0.02573         4       640    0.9054    0.9116    0.8949    0.4548   0.03758  0.006808         0
   305/499        7G    0.0209  0.004552         0   0.02545         4       640    0.9021    0.8776    0.8883    0.4679    0.0379   0.00672         0
   306/499        7G   0.02098  0.004608         0   0.02559         4       640    0.9054    0.9114    0.9033    0.4628   0.03796   0.00674         0
   307/499        7G   0.02134  0.004584         0   0.02593         4       640    0.8609     0.932    0.9017     0.462   0.03776  0.006867         0
   308/499        7G   0.02015  0.004551         0    0.0247         4       640    0.8851    0.8912    0.8827    0.4449   0.03833  0.007122         0
   309/499        7G   0.02051  0.004593         0    0.0251         4       640    0.9153    0.8844    0.8949    0.4606   0.03734   0.00692         0
   310/499        7G   0.02098  0.004585         0   0.02556         4       640    0.9153    0.8844    0.8977    0.4381   0.03812  0.006967         0
   311/499        7G   0.02134  0.004515         0   0.02585         4       640    0.9121    0.9184    0.9299    0.4372   0.03788  0.006819         0
   312/499        7G   0.02021  0.004474         0   0.02468         4       640    0.9304    0.9116    0.9428    0.4557   0.03786  0.006788         0
   313/499        7G   0.02076  0.004485         0   0.02525         4       640    0.9432    0.9048    0.9375    0.4645   0.03725  0.006735         0
   314/499        7G   0.02033  0.004435         0   0.02477         4       640    0.9503    0.9116    0.9369    0.4505   0.03763  0.006898         0
   315/499        7G   0.02068  0.004346         0   0.02503         4       640    0.9184    0.9183     0.923    0.4466   0.03792  0.006998         0
   316/499        7G   0.02094  0.004457         0    0.0254         4       640    0.9379    0.9248    0.9306    0.4546   0.03784  0.006803         0
   317/499        7G   0.02123  0.004483         0   0.02572         4       640    0.9252     0.925    0.9257    0.4678   0.03701  0.006708         0
   318/499        7G   0.02034  0.004542         0   0.02488         4       640    0.8993    0.9116    0.8964    0.4664   0.03695   0.00672         0
   319/499        7G   0.02065  0.004454         0   0.02511         4       640    0.9246    0.9184     0.919    0.4566   0.03738  0.006696         0
   320/499        7G   0.02066  0.004553         0   0.02522         4       640    0.9121    0.9184    0.9047    0.4563   0.03713  0.006536         0
   321/499        7G   0.02049  0.004437         0   0.02493         4       640    0.9387    0.9388    0.9354     0.456   0.03743  0.006486         0
   322/499        7G   0.02049   0.00448         0   0.02497         4       640    0.9236    0.9048    0.9139    0.4564   0.03753  0.006614         0
   323/499        7G   0.01978  0.004307         0   0.02409         4       640     0.931    0.9184     0.934    0.4746   0.03707   0.00646         0
   324/499        7G   0.02003  0.004512         0   0.02454         4       640    0.9355    0.8912    0.9256    0.4676   0.03779   0.00668         0
   325/499        7G   0.01978  0.004258         0   0.02404         4       640    0.9066    0.9252    0.9111    0.4578   0.03815  0.006764         0
   326/499        7G    0.0203  0.004481         0   0.02478         4       640    0.9041    0.8979    0.8995    0.4476   0.03879  0.007057         0
   327/499        7G   0.01931  0.004215         0   0.02352         4       640    0.9177    0.9116    0.9179    0.4588    0.0379  0.006881         0
   328/499        7G   0.01963  0.004316         0   0.02395         4       640    0.9229     0.898    0.9212    0.4518   0.03845   0.00679         0
   329/499        7G   0.01954  0.004285         0   0.02382         4       640    0.9189    0.9245    0.9244    0.4585   0.03764  0.006901         0
   330/499        7G   0.01922  0.004285         0   0.02351         4       640     0.923     0.898    0.9182    0.4626   0.03726  0.006719         0
   331/499        7G   0.02003  0.004497         0   0.02452         4       640    0.8481    0.9116    0.8919    0.4742   0.03714  0.006839         0
   332/499        7G   0.01931  0.004212         0   0.02353         4       640    0.9013     0.932    0.9294    0.4756   0.03697  0.006697         0
   333/499        7G   0.01971  0.004268         0   0.02398         4       640    0.9251    0.9252    0.9284    0.4551   0.03733   0.00676         0
   334/499        7G   0.01979  0.004352         0   0.02415         4       640    0.9291    0.8911    0.9053    0.4595    0.0376   0.00696         0
   335/499        7G   0.02008  0.004437         0   0.02452         4       640    0.9371    0.9115    0.9321     0.467   0.03677  0.006937         0
   336/499        7G   0.01925  0.004355         0   0.02361         4       640    0.9387    0.9388     0.951    0.4798   0.03664  0.006564         0
   337/499        7G   0.01928  0.004234         0   0.02352         4       640    0.9073    0.9319    0.9265     0.461   0.03692  0.006723         0
   338/499        7G   0.01867  0.004379         0   0.02305         4       640    0.9376    0.9252    0.9241    0.4615   0.03693  0.006712         0
   339/499        7G   0.01837  0.004285         0   0.02265         4       640    0.9188    0.9252    0.9117    0.4675     0.037  0.006723         0
   340/499        7G   0.01923  0.004317         0   0.02355         4       640    0.8933    0.9115    0.8957    0.4643   0.03689  0.006685         0
   341/499        7G   0.01907  0.004251         0   0.02332         4       640    0.9039     0.898    0.8959    0.4516   0.03779  0.006973         0
   342/499        7G   0.01887  0.004275         0   0.02314         4       640    0.9165    0.8959    0.9025    0.4448   0.03798   0.00688         0
   343/499        7G   0.01967  0.004402         0   0.02407         4       640    0.9189    0.9252    0.9053    0.4497   0.03733  0.006916         0
   344/499        7G   0.01954  0.004356         0   0.02389         4       640     0.937    0.9111    0.9159    0.4441   0.03821   0.00699         0
   345/499        7G   0.01935  0.004195         0   0.02355         4       640    0.9444    0.9252     0.946    0.4691   0.03709  0.006758         0
   346/499        7G   0.01836  0.004201         0   0.02256         4       640    0.9496     0.898    0.9418    0.4542    0.0374  0.006986         0
   347/499        7G   0.01888  0.004168         0   0.02305         4       640    0.9178    0.9115    0.8866     0.451   0.03715  0.007041         0
   348/499        7G   0.01897  0.004224         0   0.02319         4       640    0.8979     0.898    0.8937    0.4326   0.03768  0.007037         0
   349/499        7G   0.01849  0.004148         0   0.02264         4       640    0.9247    0.9184    0.9219    0.4496   0.03749   0.00692         0
   350/499        7G    0.0187  0.004078         0   0.02278         4       640    0.9178    0.9115    0.9231    0.4555   0.03686  0.006972         0
   351/499        7G   0.01845  0.004085         0   0.02253         4       640    0.9245    0.9184    0.9169    0.4599   0.03644  0.006762         0
   352/499        7G   0.01835  0.004133         0   0.02249         4       640    0.9247    0.9183     0.917    0.4658   0.03642  0.006645         0
   353/499        7G    0.0181  0.004245         0   0.02235         4       640    0.8993    0.9115     0.895    0.4387   0.03764  0.006875         0
   354/499        7G   0.01832  0.004034         0   0.02235         4       640    0.9306    0.9115    0.9301    0.4706   0.03702  0.006693         0
   355/499        7G   0.01846  0.004102         0   0.02256         4       640    0.9315    0.9252    0.9279    0.4735    0.0363  0.006733         0
   356/499        7G   0.01741  0.004027         0   0.02144         4       640    0.9333    0.9524    0.9583    0.4622   0.03679  0.006788         0
   357/499        7G   0.01845  0.003912         0   0.02236         4       640    0.9251    0.9252    0.9276    0.4593   0.03764  0.006884         0
   358/499        7G   0.01821  0.003983         0    0.0222         4       640    0.9096    0.8912    0.8933    0.4314   0.03893  0.007241         0
   359/499        7G   0.01762  0.004007         0   0.02163         4       640    0.9379    0.9252    0.9284    0.4505   0.03772  0.006996         0
   360/499        7G   0.01832  0.004101         0   0.02242         4       640    0.9139    0.9387    0.9395    0.4672   0.03683  0.006695         0
   361/499        7G   0.01842  0.004048         0   0.02247         4       640    0.9249    0.9252    0.9463    0.4738   0.03736  0.006984         0
   362/499        7G   0.01752  0.004063         0   0.02158         4       640    0.9296    0.8979    0.9224    0.4698   0.03732  0.006968         0
   363/499        7G   0.01783  0.003985         0   0.02182         4       640    0.9041    0.8979     0.894     0.468   0.03783  0.007065         0
   364/499        7G   0.01857  0.004013         0   0.02258         4       640    0.9448    0.9319    0.9529    0.4622   0.03758  0.006854         0
   365/499        7G    0.0178  0.003977         0   0.02178         4       640    0.9378    0.9252    0.9327    0.4508   0.03747  0.006967         0
   366/499        7G   0.01713  0.003817         0   0.02095         4       640    0.9388    0.9387    0.9381    0.4599   0.03748  0.006728         0
   367/499        7G   0.01777  0.003899         0   0.02167         4       640    0.9429    0.9048    0.9292    0.4445   0.03789   0.00697         0
   368/499        7G   0.01762  0.004063         0   0.02168         4       640      0.91     0.898    0.9048    0.4426   0.03827  0.007138         0
   369/499        7G   0.01749  0.003782         0   0.02127         4       640    0.9091    0.8843    0.8901    0.4544   0.03797  0.007032         0
   370/499        7G   0.01759  0.003931         0   0.02152         4       640    0.9444    0.9252    0.9336    0.4543   0.03784  0.006952         0
   371/499        7G   0.01749  0.004083         0   0.02158         4       640    0.9256     0.932    0.9378    0.4621   0.03807  0.006891         0
   372/499        7G   0.01729   0.00394         0   0.02123         4       640    0.9374    0.9184    0.9371    0.4805   0.03755  0.006794         0
   373/499        7G   0.01764  0.003881         0   0.02152         4       640    0.9437    0.9115    0.9207    0.4599   0.03742  0.006797         0
   374/499        7G   0.01753  0.003915         0   0.02144         4       640    0.9315    0.9252    0.9196    0.4558   0.03736  0.006796         0
   375/499        7G   0.01683  0.003869         0    0.0207         4       640    0.9509    0.9252    0.9387    0.4658   0.03704    0.0066         0
   376/499        7G   0.01637  0.003809         0   0.02017         4       640    0.9455    0.9456    0.9586    0.4685   0.03701  0.006647         0
   377/499        7G   0.01737  0.004008         0   0.02138         4       640    0.9374    0.9184    0.9267    0.4681   0.03739  0.006715         0
   378/499        7G   0.01729  0.004018         0    0.0213         4       640    0.9251    0.9252    0.9519    0.4731   0.03731  0.006914         0
   379/499        7G   0.01745  0.003911         0   0.02136         4       640    0.9305    0.9116    0.9228    0.4655   0.03696  0.006915         0
   380/499        7G   0.01678  0.003901         0   0.02068         4       640    0.9305    0.9113    0.9372    0.4861   0.03643  0.006712         0
   381/499        7G   0.01676  0.003757         0   0.02052         4       640    0.9571    0.9115     0.941    0.4687   0.03705  0.006981         0
   382/499        7G    0.0171  0.003859         0   0.02096         4       640    0.9194     0.932    0.9388    0.4648   0.03741   0.00695         0
   383/499        7G     0.017  0.003917         0   0.02092         4       640    0.9047    0.9048    0.9216    0.4675   0.03758  0.007043         0
   384/499        7G   0.01635  0.003743         0   0.02009         4       640    0.9362    0.8979    0.9086    0.4662   0.03743  0.006938         0
   385/499        7G   0.01673  0.003861         0   0.02059         4       640    0.9319    0.9315    0.9257     0.451   0.03769  0.007036         0
   386/499        7G   0.01707  0.003779         0   0.02085         4       640    0.9388    0.9387    0.9445     0.474   0.03687  0.006848         0
   387/499        7G   0.01719  0.003856         0   0.02105         4       640    0.9313    0.9252    0.9464    0.4771   0.03657  0.006914         0
   388/499        7G   0.01746  0.003845         0    0.0213         4       640    0.9337    0.9592    0.9544    0.4708   0.03684  0.006974         0
   389/499        7G    0.0166  0.003803         0    0.0204         4       640    0.9433    0.9047    0.9267    0.4676   0.03701   0.00706         0
   390/499        7G   0.01708  0.003882         0   0.02096         4       640    0.9375    0.9184    0.9371    0.4711    0.0369  0.006919         0
   391/499        7G   0.01657  0.003843         0   0.02042         4       640     0.951    0.9252     0.935    0.4706   0.03655  0.006963         0
   392/499        7G   0.01645  0.003858         0   0.02031         4       640    0.9504    0.9184    0.9296    0.4506   0.03751  0.007117         0
   393/499        7G   0.01698  0.003931         0   0.02091         4       640    0.9236    0.9048    0.9027    0.4363   0.03814  0.007257         0
   394/499        7G   0.01738  0.003809         0   0.02118         4       640    0.9514    0.9318    0.9465    0.4293   0.03789  0.007269         0
   395/499        7G   0.01618  0.003757         0   0.01994         4       640    0.9189    0.9251     0.904    0.4366   0.03764  0.007405         0
   396/499        7G   0.01644  0.003841         0   0.02029         4       640     0.924    0.9116    0.9158    0.4573   0.03754  0.007168         0
   397/499        7G   0.01678   0.00387         0   0.02065         4       640    0.9231    0.8979     0.926    0.4633   0.03765  0.007078         0
   398/499        7G   0.01574  0.003798         0   0.01954         4       640     0.931    0.9184    0.9386    0.4602   0.03738  0.007022         0
   399/499        7G   0.01591  0.003735         0   0.01964         4       640    0.9247    0.9183    0.9296    0.4679   0.03711  0.006933         0
   400/499        7G   0.01611  0.003757         0   0.01987         4       640      0.93    0.9044    0.9215    0.4784   0.03766  0.007101         0
   401/499        7G   0.01604  0.003746         0   0.01979         4       640    0.9188    0.9252    0.9112    0.4627   0.03751  0.007354         0
   402/499        7G   0.01676  0.003815         0   0.02058         4       640    0.9104    0.9048    0.9002    0.4637   0.03778  0.007215         0
   403/499        7G   0.01669   0.00384         0   0.02053         4       640    0.9183    0.9184     0.932    0.4611   0.03834  0.007137         0
   404/499        7G    0.0162  0.003831         0   0.02003         4       640    0.9315    0.9251    0.9263    0.4629   0.03818   0.00725         0
   405/499        7G   0.01505  0.003704         0   0.01875         4       640    0.9101     0.898     0.906    0.4591   0.03851  0.007368         0
   406/499        7G   0.01523  0.003677         0   0.01891         4       640    0.9305    0.9116    0.9168    0.4503   0.03852  0.007381         0
   407/499        7G     0.016  0.003788         0   0.01979         4       640    0.9241    0.9115    0.9108    0.4485   0.03878  0.007556         0
   408/499        7G    0.0159  0.003659         0   0.01956         4       640    0.8904    0.8843    0.8759    0.4526   0.03826  0.007559         0
   409/499        7G   0.01637  0.003813         0   0.02018         4       640    0.9091    0.8844     0.889     0.449   0.03854  0.007677         0
   410/499        7G   0.01576  0.003707         0   0.01946         4       640    0.9133     0.932    0.8981    0.4483   0.03823  0.007375         0
   411/499        7G   0.01519  0.003616         0   0.01881         4       640    0.9235    0.9048    0.9015    0.4529   0.03815  0.007432         0
   412/499        7G   0.01631   0.00379         0    0.0201         4       640    0.8874    0.9116    0.8966    0.4544   0.03836  0.007535         0
   413/499        7G   0.01554   0.00377         0   0.01931         4       640    0.9116    0.9115    0.9129    0.4408   0.03858  0.007585         0
   414/499        7G   0.01556  0.003689         0   0.01925         4       640    0.9127    0.9252    0.9094    0.4511   0.03794   0.00732         0
   415/499        7G   0.01597  0.003725         0   0.01969         4       640    0.9133     0.932    0.9216    0.4562   0.03748  0.007234         0
   416/499        7G   0.01634   0.00383         0   0.02017         4       640    0.9034    0.8911    0.9045    0.4558   0.03797  0.007328         0
   417/499        7G   0.01596  0.003671         0   0.01963         4       640    0.9284    0.8912    0.9094    0.4572   0.03775  0.007308         0
   418/499        7G   0.01539  0.003785         0   0.01918         4       640    0.9194     0.932    0.9236    0.4644   0.03696  0.007221         0
   419/499        7G   0.01527  0.003704         0   0.01897         4       640    0.9054    0.9115    0.9021    0.4721   0.03691  0.007201         0
   420/499        7G   0.01528  0.003604         0   0.01888         4       640    0.9034    0.8912    0.9006    0.4635   0.03757  0.007271         0
   421/499        7G   0.01549  0.003752         0   0.01924         4       640    0.9041     0.898    0.9012     0.465   0.03768  0.007342         0
   422/499        7G   0.01483  0.003462         0   0.01829         4       640    0.9041    0.8979    0.8985    0.4794   0.03755   0.00738         0
   423/499        7G   0.01554  0.003617         0   0.01916         4       640    0.8926    0.9048     0.898    0.4684   0.03733  0.007226         0
   424/499        7G   0.01575  0.003704         0   0.01945         4       640    0.9246    0.9184    0.9065    0.4601     0.038  0.007265         0
   425/499        7G   0.01499  0.003443         0   0.01843         4       640     0.931    0.9182    0.9337    0.4732    0.0374   0.00714         0
   426/499        7G   0.01519  0.003747         0   0.01893         4       640    0.9194     0.932    0.9261    0.4688   0.03751  0.007244         0
   427/499        7G   0.01521  0.003556         0   0.01876         4       640    0.9154    0.8844    0.9114    0.4683   0.03802  0.007426         0
   428/499        7G   0.01533  0.003549         0   0.01888         4       640    0.8823    0.9184    0.8906    0.4571    0.0379  0.007493         0
   429/499        7G   0.01497  0.003511         0   0.01848         4       640    0.9047    0.9048    0.9011    0.4563   0.03793  0.007586         0
   430/499        7G   0.01497  0.003563         0   0.01853         4       640    0.9034     0.891    0.9078    0.4661   0.03812  0.007568         0
   431/499        7G   0.01469  0.003592         0   0.01829         4       640    0.9054    0.9116    0.9107    0.4518   0.03792  0.007651         0
   432/499        7G   0.01479   0.00357         0   0.01836         4       640    0.9007    0.9251    0.9082    0.4491   0.03788    0.0077         0
   433/499        7G   0.01485  0.003514         0   0.01836         4       640    0.9115    0.9116    0.9211    0.4492   0.03777   0.00771         0
   434/499        7G   0.01527  0.003578         0   0.01885         4       640    0.8991    0.9116    0.9051    0.4609   0.03753  0.007576         0
   435/499        7G   0.01491  0.003713         0   0.01862         4       640    0.8816    0.9116    0.8837    0.4521   0.03763  0.007576         0
   436/499        7G   0.01476  0.003604         0   0.01836         4       640    0.8867    0.9048    0.9161    0.4577   0.03849  0.007534         0
   437/499        7G   0.01492  0.003449         0   0.01837         4       640    0.9108    0.9048    0.9163    0.4429   0.03899  0.007561         0
   438/499        7G   0.01424   0.00357         0   0.01781         4       640    0.8911    0.8908    0.8798    0.4449   0.03826  0.007565         0
   439/499        7G   0.01473  0.003503         0   0.01823         4       640    0.9178    0.9115    0.9096    0.4617   0.03758   0.00748         0
   440/499        7G   0.01479  0.003474         0   0.01826         4       640    0.9172    0.9048    0.9167    0.4559   0.03767   0.00736         0
   441/499        7G   0.01501  0.003544         0   0.01856         4       640    0.9234    0.9048    0.9186    0.4526   0.03783  0.007317         0
   442/499        7G   0.01494  0.003512         0   0.01845         4       640    0.9219    0.8844    0.8988    0.4566   0.03765  0.007365         0
   443/499        7G   0.01471  0.003594         0    0.0183         4       640    0.9166    0.8968    0.9201    0.4566   0.03753  0.007463         0
   444/499        7G   0.01452  0.003434         0   0.01796         4       640    0.9229     0.898    0.9318    0.4563   0.03798  0.007578         0
   445/499        7G   0.01479   0.00358         0   0.01837         4       640    0.9362    0.8977      0.92    0.4603   0.03768   0.00741         0
   446/499        7G   0.01511  0.003656         0   0.01877         4       640    0.9366    0.9048    0.9209    0.4604   0.03751  0.007283         0
   447/499        7G   0.01452  0.003556         0   0.01808         4       640    0.9034    0.8912     0.902    0.4446   0.03794  0.007499         0
   448/499        7G   0.01452  0.003455         0   0.01798         4       640    0.9167    0.8979    0.9082    0.4368   0.03783  0.007365         0
   449/499        7G   0.01484  0.003444         0   0.01829         4       640    0.9133     0.932    0.9314    0.4573    0.0373  0.007282         0
   450/499        7G    0.0142  0.003397         0    0.0176         4       640    0.9115    0.9116    0.9228    0.4615   0.03714  0.007279         0
   451/499        7G   0.01387  0.003393         0   0.01726         4       640    0.9184    0.9184    0.9278    0.4676   0.03698    0.0072         0
   452/499        7G   0.01488  0.003593         0   0.01847         4       640    0.9166    0.8977    0.9148    0.4748   0.03691  0.007194         0
   453/499        7G   0.01371  0.003313         0   0.01702         4       640    0.9166     0.898     0.911    0.4716   0.03722  0.007251         0
   454/499        7G   0.01434  0.003531         0   0.01787         4       640    0.9247    0.9184    0.9246     0.466   0.03748  0.007301         0
   455/499        7G   0.01454  0.003498         0   0.01804         4       640    0.9495     0.898     0.938    0.4784   0.03701   0.00717         0
   456/499        7G   0.01423   0.00341         0   0.01764         4       640    0.9319     0.932     0.927    0.4611   0.03736  0.007246         0
   457/499        7G   0.01486  0.003624         0   0.01849         4       640    0.9357     0.898    0.9104    0.4633    0.0374  0.007243         0
   458/499        7G   0.01423  0.003355         0   0.01759         4       640    0.9127    0.9252    0.9291    0.4663   0.03754  0.007214         0
   459/499        7G   0.01438  0.003457         0   0.01784         4       640     0.906    0.9184    0.9136    0.4522   0.03784  0.007437         0
   460/499        7G   0.01462  0.003464         0   0.01808         4       640    0.9247    0.9183    0.9151    0.4551   0.03793  0.007544         0
   461/499        7G   0.01402  0.003331         0   0.01735         4       640     0.944    0.9184     0.911    0.4542   0.03753  0.007479         0
   462/499        7G   0.01401  0.003418         0   0.01743         4       640    0.9306    0.9116     0.923    0.4605   0.03709  0.007299         0
   463/499        7G   0.01312  0.003211         0   0.01633         4       640    0.9195    0.9319    0.9268    0.4583   0.03704  0.007412         0
   464/499        7G   0.01398  0.003222         0    0.0172         4       640    0.9442    0.9252    0.9345    0.4614   0.03724  0.007564         0
   465/499        7G   0.01357  0.003407         0   0.01697         4       640    0.9236    0.9047    0.9096    0.4571   0.03738   0.00757         0
   466/499        7G    0.0138  0.003452         0   0.01725         4       640    0.9171    0.9048    0.9021    0.4545   0.03743  0.007686         0
   467/499        7G   0.01362  0.003383         0   0.01701         4       640    0.9167    0.8978    0.8862    0.4447     0.038  0.007891         0
   468/499        7G    0.0141  0.003443         0   0.01754         4       640    0.9314    0.9252    0.9295    0.4531   0.03775   0.00794         0
   469/499        7G   0.01399  0.003336         0   0.01732         4       640    0.9383     0.932    0.9337    0.4644   0.03724    0.0078         0
   470/499        7G   0.01388  0.003526         0   0.01741         4       640    0.9582    0.9388    0.9467    0.4592   0.03766   0.00771         0
   471/499        7G    0.0144  0.003475         0   0.01788         4       640    0.9383     0.932    0.9425    0.4653   0.03754  0.007565         0
   472/499        7G   0.01441  0.003366         0   0.01777         4       640      0.92    0.9388    0.9505    0.4593   0.03755  0.007577         0
   473/499        7G   0.01388  0.003326         0    0.0172         4       640    0.9444     0.925     0.954     0.464   0.03782  0.007669         0
   474/499        7G   0.01311  0.003298         0   0.01641         4       640    0.9437    0.9114    0.9365    0.4677   0.03798  0.007635         0
   475/499        7G   0.01417  0.003469         0   0.01764         4       640    0.9444    0.9252     0.926    0.4514   0.03817  0.007807         0
   476/499        7G    0.0137  0.003309         0     0.017         4       640    0.9436    0.9116      0.93    0.4522   0.03812  0.007804         0
   477/499        7G   0.01364  0.003292         0   0.01693         4       640     0.931    0.9184    0.9132    0.4503   0.03799  0.007828         0
   478/499        7G   0.01349  0.003366         0   0.01686         4       640    0.9306    0.9115    0.9146    0.4506   0.03773  0.007825         0
   479/499        7G   0.01299   0.00324         0   0.01623         4       640    0.9236    0.9047    0.9178     0.465   0.03742  0.007659         0
   480/499        7G   0.01384  0.003357         0    0.0172         4       640    0.9241    0.9116    0.9242    0.4655   0.03731  0.007645         0
   481/499        7G   0.01395    0.0033         0   0.01725         4       640    0.9252    0.9251    0.9325    0.4725   0.03731  0.007541         0
   482/499        7G   0.01353  0.003322         0   0.01685         4       640    0.9054    0.9115    0.9248    0.4615   0.03744  0.007601         0
   483/499        7G    0.0135  0.003265         0   0.01677         4       640    0.9167     0.898    0.9202    0.4576   0.03796  0.007738         0
   484/499        7G     0.014  0.003453         0   0.01745         4       640    0.8956    0.8776    0.8985    0.4549   0.03837  0.007728         0
   485/499        7G    0.0131  0.003305         0   0.01641         4       640     0.928    0.8776    0.9188    0.4616   0.03812  0.007595         0
   486/499        7G   0.01358  0.003305         0   0.01689         4       640    0.9295     0.898      0.91    0.4581    0.0378  0.007628         0
   487/499        7G   0.01356  0.003302         0   0.01686         4       640    0.9422     0.898    0.9109    0.4644   0.03736  0.007533         0
   488/499        7G   0.01394  0.003335         0   0.01727         4       640    0.9366    0.9048    0.9298    0.4649   0.03768  0.007588         0
   489/499        7G   0.01396  0.003317         0   0.01728         4       640    0.9424    0.8912    0.9221    0.4673   0.03757  0.007712         0
   490/499        7G   0.01345  0.003312         0   0.01676         4       640    0.9368    0.9116    0.9278    0.4694   0.03683  0.007652         0
   491/499        7G   0.01338  0.003233         0   0.01661         4       640    0.9267    0.9456    0.9285    0.4565   0.03698  0.007628         0
   492/499        7G    0.0136  0.003374         0   0.01697         4       640    0.9319     0.932    0.9309     0.466   0.03696  0.007564         0
   493/499        7G   0.01303   0.00321         0   0.01624         4       640    0.9387    0.9388    0.9246    0.4667   0.03677  0.007449         0
   494/499        7G   0.01371  0.003446         0   0.01715         4       640    0.9493    0.8908     0.927    0.4785   0.03673  0.007576         0
   495/499        7G   0.01357  0.003334         0   0.01691         4       640    0.8999    0.9184    0.9165    0.4788   0.03707  0.007778         0
   496/499        7G   0.01303  0.003362         0   0.01639         4       640    0.9419    0.8912    0.9261    0.4688   0.03718   0.00771         0
   497/499        7G   0.01323   0.00332         0   0.01655         4       640    0.9315    0.9251    0.9378    0.4576    0.0372  0.007648         0
   498/499        7G   0.01323  0.003302         0   0.01653         4       640    0.9181    0.9184    0.9312    0.4686   0.03698  0.007701         0
   499/499        7G   0.01304   0.00331         0   0.01635         4       640    0.9315    0.9251    0.9338      0.46   0.03726  0.007763         0
