     0/299     6.81G    0.1089   0.01416         0    0.1231         4       416 0.0006803    0.2041 0.0002529 3.834e-05   0.09839   0.01313         0
     1/299     6.81G    0.1027   0.01393         0    0.1166         4       416 0.0006576    0.1973 0.0002546 3.559e-05   0.09541    0.0128         0
     2/299     6.81G    0.1001    0.0135         0    0.1136         4       416 0.0006803    0.2041 0.0002597 3.547e-05   0.09414   0.01246         0
     3/299     6.81G    0.0985   0.01331         0    0.1118         4       416 0.0009718    0.1497 0.0002687 3.692e-05   0.09372   0.01216         0
     4/299     6.81G   0.09809    0.0131         0    0.1112         4       416 0.0006313    0.1837 0.0001975 2.653e-05   0.09365   0.01191         0
     5/299     6.81G   0.09546   0.01331         0    0.1088         4       416  0.007386   0.01361 0.0004432 8.707e-05   0.09225    0.0119         0
     6/299     6.81G   0.09557   0.01299         0    0.1086         4       416  0.002558   0.04762 0.0004618 6.646e-05   0.09332   0.01171         0
     7/299     6.81G   0.09452   0.01307         0    0.1076         4       416  0.002776   0.03401 0.0003531 7.711e-05   0.09031   0.01184         0
     8/299     6.81G   0.09575   0.01272         0    0.1085         4       416  0.001307    0.1565 0.0003749 5.263e-05    0.1018   0.01004         0
     9/299     6.81G   0.09485   0.01276         0    0.1076         4       416  0.001275   0.06803 0.0003772  5.31e-05   0.09123   0.01144         0
    10/299     6.81G   0.09399   0.01264         0    0.1066         4       416  0.009875   0.05442  0.001331 0.0002049      0.09   0.01156         0
    11/299     6.81G   0.09222   0.01298         0    0.1052         4       416   0.02944   0.02041  0.002643 0.0003465   0.08683   0.01182         0
    12/299     6.81G   0.09001   0.01325         0    0.1033         4       416  0.007765   0.02721  0.002087 0.0002596   0.08777    0.0117         0
    13/299     6.81G   0.08755    0.0135         0     0.101         4       416  0.004739    0.1361  0.001734 0.0002872   0.09527   0.01027         0
    14/299     6.81G   0.08491   0.01383         0   0.09874         4       416  0.008154   0.05442  0.003609 0.0004934   0.08346   0.01216         0
    15/299     6.81G   0.08452   0.01369         0   0.09821         4       416  0.001357    0.2381 0.0005237 8.032e-05    0.1122  0.007828         0
    16/299     6.81G   0.08439   0.01374         0   0.09812         4       416   0.01444    0.2517  0.006612  0.001046   0.08082   0.01205         0
    17/299     6.81G   0.08196   0.01421         0   0.09617         4       416   0.01874    0.2721   0.01028  0.001782   0.07885   0.01218         0
    18/299     6.81G    0.0802   0.01409         0   0.09429         4       416   0.01347    0.1769  0.005532     0.001   0.07956   0.01214         0
    19/299     6.81G   0.08023   0.01382         0   0.09404         4       416   0.01811    0.1293  0.005991  0.001008   0.08321   0.01141         0
    20/299     6.81G   0.07796   0.01391         0   0.09187         4       416    0.2094   0.03401   0.03104   0.00516   0.07625   0.01187         0
    21/299     6.81G   0.07711    0.0139         0   0.09101         4       416    0.1419    0.1088   0.05542   0.01703   0.07771   0.01143         0
    22/299     6.81G    0.0746   0.01386         0   0.08845         4       416   0.04247    0.3129    0.0215  0.003698   0.07628   0.01149         0
    23/299     6.81G    0.0741   0.01382         0   0.08792         4       416    0.1133    0.1088    0.0387   0.01068   0.07903   0.01111         0
    24/299     6.81G    0.0737   0.01331         0   0.08701         4       416   0.04454    0.1633   0.01844  0.003608   0.07771   0.01132         0
    25/299     6.81G   0.07358   0.01327         0   0.08685         4       416    0.1023   0.08163   0.02327  0.004775    0.0827   0.01087         0
    26/299     6.81G   0.06997    0.0137         0   0.08367         4       416     0.181    0.1905   0.08319   0.01227   0.07188   0.01124         0
    27/299     6.81G    0.0693   0.01336         0   0.08266         4       416    0.1992    0.2041   0.09062   0.01793   0.06727   0.01186         0
    28/299     6.81G    0.0682   0.01342         0   0.08162         4       416    0.1839    0.2041   0.07365   0.01622   0.07216   0.01102         0
    29/299     6.81G    0.0682   0.01306         0   0.08126         4       416   0.04795    0.1429   0.02683  0.005468   0.07455   0.01102         0
    30/299     6.81G   0.06591   0.01266         0   0.07857         4       416    0.1588    0.1633   0.07526   0.01241   0.07366   0.01081         0
    31/299     6.81G    0.0652   0.01283         0   0.07802         4       416     0.317    0.1973    0.1406    0.0356   0.06914   0.01088         0
    32/299     6.81G   0.06305   0.01243         0   0.07548         4       416    0.1469    0.3401    0.1353   0.02701   0.06688   0.01086         0
    33/299     6.81G    0.0616   0.01193         0   0.07353         4       416    0.3713    0.4354    0.3183   0.08139   0.06091   0.01007         0
    34/299     6.81G    0.0609   0.01163         0   0.07253         4       416    0.3778    0.4543    0.2934   0.07428   0.06405  0.009815         0
    35/299     6.81G   0.05933   0.01121         0   0.07054         4       416     0.206    0.1837    0.1252   0.02329   0.08064  0.009191         0
    36/299     6.81G   0.05852   0.01106         0   0.06958         4       416    0.5222    0.4354    0.3715   0.09931   0.06141   0.00959         0
    37/299     6.81G   0.05649   0.01076         0   0.06725         4       416    0.4144    0.3129    0.2596   0.06747   0.06732  0.009938         0
    38/299     6.81G   0.05728   0.01033         0   0.06761         4       416     0.514     0.446     0.387    0.1069   0.05649   0.01006         0
    39/299     6.81G   0.05478    0.0101         0   0.06489         4       416    0.3354    0.2721    0.2479   0.06782   0.06813  0.009779         0
    40/299     6.81G   0.05591   0.01014         0   0.06605         4       416    0.5536    0.2993    0.2904    0.0858   0.06211  0.009393         0
    41/299     6.81G   0.05359   0.00981         0    0.0634         4       416    0.6221    0.5442    0.5086    0.1364   0.05874  0.008524         0
    42/299     6.81G   0.05315  0.009297         0   0.06244         4       416    0.6694     0.372     0.394    0.1115   0.05874  0.009116         0
    43/299     6.81G   0.05169  0.009378         0   0.06107         4       416    0.5846    0.5362    0.5125    0.1514   0.05557  0.008703         0
    44/299     6.81G   0.05129  0.009121         0   0.06041         4       416    0.7718    0.6259    0.6604    0.2196   0.05289  0.007759         0
    45/299     6.81G   0.04993  0.009152         0   0.05908         4       416    0.5033     0.455    0.4026      0.16   0.05786   0.00861         0
    46/299     6.81G    0.0497   0.00914         0   0.05884         4       416    0.3628    0.3605    0.2674   0.05725   0.06392  0.008748         0
    47/299     6.81G   0.05163  0.009092         0   0.06072         4       416    0.5113     0.449    0.4112    0.1426   0.05984  0.008372         0
    48/299     6.81G   0.04955  0.008617         0   0.05817         4       416    0.7259    0.3604    0.4105    0.1363   0.05724  0.008171         0
    49/299     6.81G   0.04836   0.00825         0   0.05661         4       416     0.703    0.6122    0.6185    0.2314   0.05072  0.007493         0
    50/299     6.81G    0.0483  0.008357         0   0.05666         4       416    0.6501    0.4082    0.4251     0.161   0.06324  0.008053         0
    51/299     6.81G   0.04893  0.008458         0   0.05739         4       416     0.562     0.415     0.492    0.1508    0.0563    0.0079         0
    52/299     6.81G   0.04753  0.008425         0   0.05595         4       416     0.825    0.6733    0.7126    0.2811   0.04919  0.007022         0
    53/299     6.81G   0.04589  0.008092         0   0.05398         4       416    0.8134    0.6526    0.6758    0.2635   0.04804  0.006892         0
    54/299     6.81G   0.04436  0.008064         0   0.05242         4       416    0.7568    0.5505     0.574    0.2357   0.05336  0.007636         0
    55/299     6.81G   0.04433  0.007833         0   0.05216         4       416    0.7606    0.6327    0.6986     0.268   0.04828  0.007496         0
    56/299     6.81G   0.04461  0.007998         0   0.05261         4       416    0.8546    0.6798    0.7444    0.3126   0.04576  0.006802         0
    57/299     6.81G   0.04582   0.00802         0   0.05384         4       416     0.792    0.7007     0.738     0.324   0.04538  0.006599         0
    58/299     6.81G   0.04316  0.007728         0   0.05089         4       416    0.7483    0.7482    0.7878    0.3157   0.04568  0.006523         0
    59/299     6.81G   0.04472  0.007679         0    0.0524         4       416    0.7871    0.6803     0.718    0.2863   0.04553  0.006717         0
    60/299     6.81G   0.04409  0.007445         0   0.05154         4       416    0.8017    0.6052    0.6979    0.2615      0.05  0.007442         0
    61/299     6.81G     0.044  0.007548         0   0.05154         4       416    0.8495    0.6529    0.7496     0.348   0.04435  0.006435         0
    62/299     6.81G   0.04165  0.007391         0   0.04904         4       416    0.8274    0.6871    0.7521    0.2982   0.04539   0.00634         0
    63/299     6.81G   0.04294  0.007259         0    0.0502         4       416    0.7149    0.6652    0.7201     0.285   0.04605  0.006819         0
    64/299     6.81G   0.04414  0.007715         0   0.05185         4       416    0.8164    0.7891    0.8335    0.3427   0.04413  0.006504         0
    65/299     6.81G   0.04189   0.00738         0   0.04927         4       416    0.6625    0.4014    0.4183    0.1499   0.06006  0.009166         0
    66/299     6.81G   0.04113  0.007272         0    0.0484         4       416    0.8057    0.7007    0.7685    0.3033   0.04552  0.006448         0
    67/299     6.81G   0.04215  0.007079         0   0.04923         4       416    0.7882    0.7891    0.8006    0.3309   0.04214  0.006006         0
    68/299     6.81G   0.04216  0.007092         0   0.04925         4       416    0.8361    0.6594    0.7476    0.3506   0.04591  0.006518         0
    69/299     6.81G   0.04097  0.007125         0    0.0481         4       416    0.7864    0.8095    0.8269    0.3706   0.04317  0.006052         0
    70/299     6.81G   0.04078  0.006972         0   0.04775         4       416    0.6802    0.7755    0.7424    0.2716   0.04538  0.006349         0
    71/299     6.81G   0.04021  0.006947         0   0.04715         4       416    0.7908    0.7199    0.7595    0.3139     0.046  0.006107         0
    72/299     6.81G   0.04109  0.006856         0   0.04795         4       416    0.7539    0.6462     0.722    0.2923   0.04712  0.006788         0
    73/299     6.81G   0.03888  0.006842         0   0.04572         4       416    0.8828    0.7686    0.8456    0.3491   0.04253  0.006054         0
    74/299     6.81G   0.03918  0.006667         0   0.04585         4       416    0.8366    0.8027    0.8324    0.3846   0.04065  0.005867         0
    75/299     6.81G   0.04033   0.00675         0   0.04708         4       416    0.8343    0.6871     0.747    0.3434   0.04325  0.006543         0
    76/299     6.81G   0.03807  0.006731         0    0.0448         4       416     0.888    0.6531    0.7488    0.3282   0.04473  0.006602         0
    77/299     6.81G   0.03847  0.006703         0   0.04517         4       416    0.8266    0.7133     0.791    0.3577   0.04368  0.005988         0
    78/299     6.81G   0.03863  0.006797         0   0.04543         4       416    0.8702    0.7753    0.8566    0.3583   0.04178  0.005796         0
    79/299     6.81G   0.03921  0.006796         0   0.04601         4       416    0.9076    0.7415    0.8424     0.385   0.04064  0.005999         0
    80/299     6.81G    0.0384  0.006722         0   0.04512         4       416    0.7587    0.7075    0.7759    0.3574   0.04282  0.005978         0
    81/299     6.81G   0.03874  0.006791         0   0.04553         4       416    0.8075    0.8299    0.8403    0.4021   0.04214  0.005621         0
    82/299     6.81G   0.03694   0.00671         0   0.04365         4       416    0.8188    0.7687    0.8153    0.3964   0.04021  0.005596         0
    83/299     6.81G    0.0382  0.006496         0   0.04469         4       416    0.7968    0.7211     0.755    0.3612   0.04189  0.005698         0
    84/299     6.81G   0.03846   0.00647         0   0.04493         4       416       0.8    0.7619    0.7881    0.3648   0.04184  0.005689         0
    85/299     6.81G   0.03819  0.006559         0   0.04475         4       416    0.8357    0.7279    0.7748    0.3686   0.04126  0.005804         0
    86/299     6.81G    0.0368  0.006575         0   0.04338         4       416    0.7595    0.8163    0.8157    0.3847   0.03975  0.005965         0
    87/299     6.81G    0.0366  0.006544         0   0.04314         4       416    0.8803    0.7004      0.81    0.3595   0.04124  0.005867         0
    88/299     6.81G   0.03676  0.006441         0   0.04321         4       416    0.8422    0.8367    0.8631    0.3875   0.04084  0.005598         0
    89/299     6.81G   0.03693  0.006483         0   0.04341         4       416    0.8741    0.8095    0.8684    0.4039   0.04122  0.005612         0
    90/299     6.81G   0.03614  0.006251         0    0.0424         4       416    0.7898    0.7413    0.7747    0.3384   0.04341  0.006095         0
    91/299     6.81G   0.03696  0.006238         0    0.0432         4       416    0.8297    0.7954    0.8234    0.3736   0.04021  0.005595         0
    92/299     6.81G   0.03822  0.006441         0   0.04466         4       416    0.8645    0.6531    0.7898    0.3561   0.04254  0.006624         0
    93/299     6.81G   0.03483  0.006412         0   0.04124         4       416    0.8373    0.8095    0.8644    0.4082    0.0397  0.005457         0
    94/299     6.81G   0.03529  0.006229         0   0.04152         4       416    0.8651    0.7415    0.8531    0.3926   0.04003  0.005572         0
    95/299     6.81G   0.03548  0.006321         0    0.0418         4       416    0.7642    0.7276    0.7469    0.3435   0.04225  0.006278         0
    96/299     6.81G   0.03534  0.006109         0   0.04145         4       416    0.8478    0.7958    0.8151    0.3742   0.03996  0.005559         0
    97/299     6.81G   0.03435  0.006222         0   0.04057         4       416    0.8119    0.8231    0.8393    0.4073   0.03929  0.005531         0
    98/299     6.81G   0.03443  0.006073         0   0.04051         4       416    0.7999    0.7888    0.8447    0.4079   0.03936  0.005519         0
    99/299     6.81G    0.0353  0.006294         0   0.04159         4       416     0.793    0.7823     0.815    0.4017   0.04061  0.005741         0
   100/299     6.81G   0.03531  0.006103         0   0.04141         4       416    0.8682    0.6735    0.7955    0.3735   0.04189  0.006157         0
   101/299     6.81G   0.03484  0.006156         0   0.04099         4       416    0.7397    0.7346    0.7697    0.3682   0.04247  0.006213         0
   102/299     6.81G   0.03455  0.006248         0    0.0408         4       416    0.8828    0.7683    0.8492    0.3976   0.03993  0.005533         0
   103/299     6.81G   0.03418  0.006065         0   0.04024         4       416    0.8102    0.7548    0.7608    0.3553   0.04208  0.005958         0
   104/299     6.81G   0.03501  0.006026         0   0.04103         4       416    0.8421    0.8707    0.9022    0.4361   0.03743  0.005363         0
   105/299     6.81G   0.03449  0.005914         0   0.04041         4       416      0.84    0.7142    0.8007     0.379   0.04029   0.00589         0
   106/299     6.81G   0.03368  0.005911         0    0.0396         4       416    0.8149    0.8084    0.8266    0.3754   0.04155  0.005507         0
   107/299     6.81G   0.03457  0.005963         0   0.04053         4       416    0.8472    0.8297     0.855    0.3886   0.04061  0.005609         0
   108/299     6.81G   0.03391  0.006162         0   0.04007         4       416    0.8642    0.8228    0.8548    0.3918   0.03959  0.005503         0
   109/299     6.81G   0.03327  0.005844         0   0.03911         4       416    0.8739    0.8571    0.8868    0.4138   0.03911  0.005383         0
   110/299     6.81G   0.03339  0.005921         0   0.03931         4       416    0.8482    0.8367    0.8595    0.4207   0.03987  0.005311         0
   111/299     6.81G   0.03419  0.005808         0      0.04         4       416    0.7799    0.5646    0.6176    0.2597   0.04761  0.008105         0
   112/299     6.81G   0.03333  0.005968         0    0.0393         4       416    0.8442    0.7005    0.8067     0.398   0.04043  0.005464         0
   113/299     6.81G     0.033    0.0057         0    0.0387         4       416    0.8242    0.8293    0.8573    0.4163   0.03941  0.005317         0
   114/299     6.81G    0.0335  0.005825         0   0.03933         4       416    0.8294    0.8639    0.8539    0.3822   0.04033  0.005535         0
   115/299     6.81G    0.0334  0.006001         0    0.0394         4       416    0.8276    0.8163    0.8307    0.4049   0.03966  0.005537         0
   116/299     6.81G   0.03285  0.006021         0   0.03888         4       416    0.8331    0.7823    0.8338    0.3848   0.04056  0.005566         0
   117/299     6.81G   0.03356  0.005801         0   0.03936         4       416    0.8271    0.7483    0.8106    0.3568   0.04171  0.005934         0
   118/299     6.81G   0.03308  0.005901         0   0.03898         4       416     0.862    0.8501    0.8908    0.4111   0.03915  0.005434         0
   119/299     6.81G   0.03253  0.005899         0   0.03843         4       416     0.855    0.8435    0.8465    0.4002   0.03902  0.005436         0
   120/299     6.81G   0.03414  0.005757         0    0.0399         4       416    0.9051    0.8433    0.8898    0.4134   0.03967  0.005332         0
   121/299     6.81G   0.03218  0.005801         0   0.03798         4       416    0.8775    0.8299    0.8787     0.436   0.03787  0.005183         0
   122/299     6.81G   0.03177  0.005674         0   0.03745         4       416    0.9043    0.8367     0.899     0.415   0.03833  0.005286         0
   123/299     6.81G   0.03134  0.005629         0   0.03696         4       416    0.8625    0.8571    0.8911    0.4059   0.03919  0.005635         0
   124/299     6.81G   0.03255  0.005918         0   0.03847         4       416    0.8889    0.8163    0.8789    0.4124   0.04015  0.005479         0
   125/299     6.81G   0.03164  0.005629         0   0.03727         4       416    0.8503    0.8571    0.8886    0.4255   0.03851  0.005223         0
   126/299     6.81G   0.03058  0.005522         0    0.0361         4       416    0.8697    0.8639    0.8942    0.4242   0.03856  0.005194         0
   127/299     6.81G   0.03199  0.005673         0   0.03767         4       416    0.8895    0.8776    0.9176    0.4266   0.03784   0.00535         0
   128/299     6.81G   0.03125  0.005579         0   0.03683         4       416    0.9013    0.8707    0.9072    0.4391   0.03739  0.005265         0
   129/299     6.81G   0.03085   0.00557         0   0.03642         4       416    0.8871    0.8571     0.858    0.4171   0.03882  0.005254         0
   130/299     6.81G   0.03026  0.005574         0   0.03584         4       416    0.8704    0.8227     0.856    0.4133   0.03924  0.005426         0
   131/299     6.81G   0.03045  0.005511         0   0.03596         4       416    0.8421    0.8367    0.8433    0.4102   0.03905  0.005423         0
   132/299     6.81G   0.03078  0.005491         0   0.03628         4       416    0.8936     0.857    0.8912     0.408    0.0385  0.005184         0
   133/299     6.81G   0.03153  0.005563         0   0.03709         4       416    0.8811    0.8571    0.8884     0.383   0.03868  0.005328         0
   134/299     6.81G   0.03091  0.005555         0   0.03647         4       416    0.8756    0.9116    0.9083    0.4173   0.03871   0.00512         0
   135/299     6.81G   0.03099  0.005426         0   0.03642         4       416    0.9071    0.8639    0.8984    0.4252   0.03802  0.005141         0
   136/299     6.81G    0.0301   0.00553         0   0.03563         4       416    0.8988    0.7891    0.8584    0.4172   0.03885  0.005159         0
   137/299     6.81G   0.03055  0.005531         0   0.03608         4       416    0.9394    0.8435    0.8838    0.4074   0.03806  0.005109         0
   138/299     6.81G   0.03007  0.005571         0   0.03564         4       416    0.8561    0.8499    0.8891    0.4427   0.03792  0.005279         0
   139/299     6.81G    0.0314  0.005616         0   0.03701         4       416    0.9041    0.8979     0.906    0.4224    0.0388  0.005378         0
   140/299     6.81G   0.03053  0.005536         0   0.03607         4       416    0.8082    0.8026    0.8402    0.4032   0.03986  0.005489         0
   141/299     6.81G   0.03009  0.005553         0   0.03565         4       416     0.805    0.8435    0.8611     0.412   0.03917  0.005391         0
   142/299     6.81G   0.03004  0.005498         0   0.03554         4       416    0.8731    0.7959     0.848    0.4145    0.0396  0.005382         0
   143/299     6.81G    0.0311  0.005462         0   0.03656         4       416     0.907    0.7958    0.8781    0.4387   0.03815  0.005344         0
   144/299     6.81G   0.03076  0.005447         0    0.0362         4       416    0.8817    0.8639     0.867    0.3799   0.03966  0.005389         0
   145/299     6.81G   0.03027  0.005402         0   0.03567         4       416    0.8935    0.8571     0.895    0.4261    0.0377  0.005244         0
   146/299     6.81G    0.0304  0.005519         0   0.03592         4       416      0.85    0.8095    0.8339    0.4165   0.03793  0.005419         0
   147/299     6.81G   0.02934  0.005353         0   0.03469         4       416    0.8513    0.8571    0.8867    0.4458    0.0378  0.005151         0
   148/299     6.81G    0.0296  0.005553         0   0.03516         4       416    0.8601    0.8365    0.8599    0.3758   0.03947  0.005396         0
   149/299     6.81G   0.02933  0.005335         0   0.03467         4       416    0.8521    0.8229    0.8787    0.4116    0.0382  0.005379         0
   150/299     6.81G    0.0288  0.005227         0   0.03403         4       416    0.8802    0.8499    0.8866    0.4251   0.03784  0.005277         0
   151/299     6.81G   0.02873  0.005303         0   0.03404         4       416    0.8466     0.826    0.8479    0.4001    0.0392  0.005653         0
   152/299     6.81G   0.02909  0.005367         0   0.03446         4       416      0.81    0.8435    0.8698    0.4018   0.03881  0.005496         0
   153/299     6.81G   0.02882  0.005177         0   0.03399         4       416    0.8431    0.8776    0.8628    0.4173   0.03835  0.005185         0
   154/299     6.81G   0.02848  0.005246         0   0.03372         4       416    0.8647    0.8707     0.891    0.4141   0.03845  0.005188         0
   155/299     6.81G   0.02809  0.005214         0    0.0333         4       416    0.8832    0.8231    0.8727    0.4379     0.037  0.005252         0
   156/299     6.81G   0.02874  0.005255         0   0.03399         4       416    0.8629    0.8564    0.8833    0.4164    0.0389  0.005201         0
   157/299     6.81G   0.02873  0.005163         0   0.03389         4       416    0.7873    0.8571    0.8429    0.4028   0.03952   0.00537         0
   158/299     6.81G   0.02902  0.005316         0   0.03434         4       416    0.8895    0.8776    0.8937    0.4393   0.03754  0.005179         0
   159/299     6.81G   0.02828  0.005177         0   0.03345         4       416    0.8772    0.8912    0.9183      0.44   0.03715  0.005295         0
   160/299     6.81G    0.0289  0.005164         0   0.03406         4       416    0.8746    0.8541    0.9087     0.413   0.03841  0.005211         0
   161/299     6.81G    0.0289  0.005312         0   0.03422         4       416     0.873    0.7959    0.8824     0.417   0.03824  0.005312         0
   162/299     6.81G   0.02855   0.00506         0   0.03361         4       416    0.8716    0.8774    0.9063    0.4443   0.03788  0.005158         0
   163/299     6.81G   0.02779  0.005157         0   0.03295         4       416     0.873    0.8912    0.9087    0.4367   0.03721  0.005277         0
   164/299     6.81G   0.02808  0.005124         0    0.0332         4       416    0.8193    0.8638     0.863    0.4028   0.03837  0.005287         0
   165/299     6.81G    0.0281  0.005128         0   0.03322         4       416    0.8913    0.8435    0.8788    0.4315   0.03774  0.005241         0
   166/299     6.81G   0.02767  0.005215         0   0.03288         4       416    0.8677    0.8503    0.8611    0.4204    0.0385  0.005333         0
   167/299     6.81G   0.02787  0.005181         0   0.03305         4       416    0.8598    0.8776     0.891    0.4246   0.03828   0.00534         0
   168/299     6.81G   0.02828  0.005149         0   0.03342         4       416    0.8266    0.8435    0.8635    0.4134   0.03932  0.005371         0
   169/299     6.81G   0.02721  0.005026         0   0.03224         4       416    0.9078    0.8707    0.8963    0.4169   0.03821  0.005171         0
   170/299     6.81G    0.0276  0.005069         0   0.03267         4       416    0.8947    0.8095    0.8478     0.404   0.03798  0.005379         0
   171/299     6.81G   0.02638  0.004995         0   0.03138         4       416     0.872    0.8844    0.8867    0.4132   0.03861  0.005416         0
   172/299     6.81G   0.02747  0.005124         0   0.03259         4       416    0.8562     0.891    0.8939    0.4279   0.03825  0.005179         0
   173/299     6.81G   0.02654  0.004959         0    0.0315         4       416    0.8919    0.8978    0.9262    0.4285   0.03791  0.005229         0
   174/299     6.81G   0.02749  0.005097         0   0.03258         4       416    0.9295    0.8095    0.8998    0.4298   0.03825   0.00541         0
   175/299     6.81G   0.02657  0.005118         0   0.03169         4       416    0.8942    0.8624    0.8885    0.4306   0.03773    0.0053         0
   176/299     6.81G   0.02674  0.005105         0   0.03184         4       416    0.8467    0.8639     0.876    0.4204   0.03837  0.005393         0
   177/299     6.81G   0.02684  0.005025         0   0.03186         4       416    0.8931    0.8571    0.8893    0.4261   0.03736   0.00529         0
   178/299     6.81G   0.02741  0.004932         0   0.03234         4       416    0.9153    0.8844    0.9079    0.4315   0.03693   0.00516         0
   179/299     6.81G   0.02667   0.00487         0   0.03154         4       416    0.9065    0.8571    0.9045    0.4067   0.03766  0.005297         0
   180/299     6.81G   0.02709  0.005162         0   0.03225         4       416    0.9173    0.8299    0.8814    0.4261   0.03781  0.005283         0
   181/299     6.81G     0.027  0.004924         0   0.03193         4       416    0.8943    0.8638    0.8862    0.4369   0.03754  0.005286         0
   182/299     6.81G   0.02646  0.004901         0   0.03136         4       416    0.8928    0.8502    0.9025     0.425   0.03779  0.005265         0
   183/299     6.81G   0.02709  0.005053         0   0.03214         4       416    0.9302     0.816    0.8872    0.4506    0.0369  0.005232         0
   184/299     6.81G   0.02707  0.004855         0   0.03192         4       416    0.9012    0.8707     0.899    0.4348   0.03775  0.005204         0
   185/299     6.81G   0.02698  0.004958         0   0.03194         4       416    0.8936    0.8571    0.8891    0.4253   0.03801  0.005221         0
   186/299     6.81G   0.02565  0.004822         0   0.03047         4       416    0.9005    0.8639    0.8822    0.4315   0.03699  0.005162         0
   187/299     6.81G   0.02631  0.004886         0   0.03119         4       416    0.8826    0.8707     0.899    0.4347   0.03744   0.00519         0
   188/299     6.81G   0.02646  0.004924         0   0.03139         4       416    0.8707    0.8706    0.8639    0.4332   0.03757  0.005164         0
   189/299     6.81G   0.02544  0.004842         0   0.03028         4       416    0.9077    0.8707    0.8849     0.449   0.03674   0.00507         0
   190/299     6.81G   0.02622  0.004756         0   0.03097         4       416    0.9116    0.8435    0.8931    0.4446   0.03809  0.005366         0
   191/299     6.81G    0.0262  0.004774         0   0.03098         4       416       0.9    0.8571    0.8872    0.4494   0.03697  0.005198         0
   192/299     6.81G   0.02728  0.004887         0   0.03217         4       416    0.9187    0.8503     0.901    0.4418   0.03799  0.005227         0
   193/299     6.81G   0.02541  0.004854         0   0.03027         4       416    0.8955    0.8161    0.8858    0.4305   0.03956  0.005434         0
   194/299     6.81G   0.02626  0.004849         0   0.03111         4       416    0.9207    0.8707    0.9116    0.4258   0.03752  0.005208         0
   195/299     6.81G   0.02588  0.004849         0   0.03073         4       416    0.9073    0.8707    0.8954    0.4362   0.03739  0.005105         0
   196/299     6.81G   0.02525    0.0048         0   0.03005         4       416    0.9214    0.8775    0.9113    0.4455   0.03687  0.005152         0
   197/299     6.81G   0.02519  0.004853         0   0.03004         4       416    0.8772    0.8776    0.9048    0.4426   0.03635  0.005177         0
   198/299     6.81G   0.02485  0.004783         0   0.02963         4       416    0.8828    0.8776    0.8915    0.4249   0.03722  0.005174         0
   199/299     6.81G   0.02497  0.004789         0   0.02976         4       416    0.8936    0.8571    0.8828    0.4398   0.03815  0.005275         0
   200/299     6.81G   0.02457  0.004818         0   0.02939         4       416    0.8764    0.8707    0.8944    0.4374   0.03791  0.005312         0
   201/299     6.81G   0.02546   0.00469         0   0.03015         4       416    0.8935    0.8571    0.8718    0.4212    0.0374  0.005228         0
   202/299     6.81G   0.02514  0.004792         0   0.02993         4       416    0.9034     0.891    0.9094    0.4383   0.03643  0.005161         0
   203/299     6.81G     0.025  0.004661         0   0.02966         4       416    0.9041    0.8979    0.9121    0.4365   0.03683  0.005101         0
   204/299     6.81G   0.02506   0.00474         0    0.0298         4       416    0.9296    0.8977    0.9255    0.4541   0.03648  0.005142         0
   205/299     6.81G   0.02452  0.004626         0   0.02915         4       416    0.9124      0.85    0.8955    0.4368   0.03702  0.005191         0
   206/299     6.81G   0.02469  0.004742         0   0.02943         4       416    0.9041    0.8977    0.9192    0.4405   0.03658  0.005223         0
   207/299     6.81G   0.02421  0.004627         0   0.02883         4       416    0.9032    0.8912    0.9157    0.4471   0.03649   0.00516         0
   208/299     6.81G   0.02378  0.004752         0   0.02853         4       416    0.8833    0.8776    0.8906    0.4517   0.03663   0.00518         0
   209/299     6.81G   0.02468  0.004665         0   0.02935         4       416    0.9058    0.8503    0.8832    0.4542   0.03685  0.005142         0
   210/299     6.81G   0.02427  0.004651         0   0.02892         4       416    0.8879    0.8639    0.8895    0.4499   0.03639  0.005138         0
   211/299     6.81G   0.02462  0.004603         0   0.02922         4       416     0.891    0.8912    0.8994    0.4469   0.03662  0.005133         0
   212/299     6.81G   0.02422  0.004597         0   0.02882         4       416    0.8986    0.9045    0.9193    0.4559   0.03653  0.005143         0
   213/299     6.81G   0.02485   0.00465         0    0.0295         4       416    0.8936     0.857    0.8916    0.4246   0.03762  0.005287         0
   214/299     6.81G   0.02483  0.004678         0   0.02951         4       416    0.9021    0.8774     0.899    0.4454   0.03696  0.005211         0
   215/299     6.81G   0.02412  0.004533         0   0.02865         4       416    0.8807    0.9048    0.8997    0.4427   0.03698  0.005205         0
   216/299     6.81G   0.02379   0.00457         0   0.02835         4       416    0.9247    0.9184    0.9333    0.4499   0.03677  0.005138         0
   217/299     6.81G   0.02364  0.004564         0    0.0282         4       416    0.9263    0.8571    0.9166    0.4419   0.03778  0.005131         0
   218/299     6.81G   0.02395  0.004672         0   0.02862         4       416    0.8476    0.8707    0.8599    0.4357   0.03723  0.005133         0
   219/299     6.81G   0.02319    0.0045         0   0.02768         4       416    0.9076    0.8707    0.8801    0.4336   0.03726  0.005193         0
   220/299     6.81G   0.02311  0.004508         0   0.02762         4       416    0.8926    0.9046    0.9103    0.4234   0.03723  0.005227         0
   221/299     6.81G   0.02388  0.004607         0   0.02849         4       416     0.875    0.9046    0.9114    0.4342   0.03689  0.005177         0
   222/299     6.81G   0.02372  0.004617         0   0.02833         4       416    0.8818    0.8639    0.8908    0.4467   0.03696  0.005308         0
   223/299     6.81G   0.02287  0.004607         0   0.02748         4       416      0.88     0.898    0.8935    0.4659    0.0365  0.005262         0
   224/299     6.81G   0.02342  0.004441         0   0.02786         4       416    0.8993    0.9115    0.9304    0.4541   0.03684  0.005275         0
   225/299     6.81G   0.02353  0.004518         0   0.02805         4       416    0.8936    0.8571    0.9133    0.4426   0.03754  0.005309         0
   226/299     6.81G   0.02368  0.004477         0   0.02816         4       416    0.8493    0.8434    0.8884    0.4232   0.03867  0.005509         0
   227/299     6.81G   0.02305  0.004401         0   0.02745         4       416    0.8951    0.8704    0.9085    0.4315   0.03751  0.005294         0
   228/299     6.81G   0.02298  0.004419         0    0.0274         4       416    0.9095    0.8912    0.9173    0.4322   0.03706  0.005225         0
   229/299     6.81G   0.02283  0.004373         0    0.0272         4       416    0.8919    0.8979    0.9155    0.4398    0.0373  0.005229         0
   230/299     6.81G   0.02246   0.00447         0   0.02693         4       416     0.906    0.9182     0.931    0.4502   0.03663  0.005263         0
   231/299     6.81G   0.02282  0.004467         0   0.02729         4       416    0.9175    0.9116    0.9273    0.4438   0.03682  0.005336         0
   232/299     6.81G   0.02338  0.004582         0   0.02796         4       416    0.8982    0.8435    0.8873    0.4187   0.03914  0.005456         0
   233/299     6.81G   0.02237   0.00442         0   0.02679         4       416    0.8792     0.891     0.902    0.4362   0.03788  0.005292         0
   234/299     6.81G   0.02245   0.00445         0    0.0269         4       416    0.9096    0.8912    0.9152    0.4449   0.03723  0.005217         0
   235/299     6.81G   0.02191  0.004337         0   0.02625         4       416    0.9215    0.8844     0.926    0.4409   0.03747  0.005247         0
   236/299     6.81G   0.02196  0.004316         0   0.02628         4       416    0.8926    0.9047    0.9201    0.4555   0.03694  0.005248         0
   237/299     6.81G   0.02319  0.004407         0   0.02759         4       416    0.8769    0.8776    0.8995    0.4499   0.03733  0.005332         0
   238/299     6.81G   0.02243  0.004332         0   0.02676         4       416    0.9213    0.8776    0.9257     0.438   0.03739  0.005232         0
   239/299     6.81G    0.0226  0.004471         0   0.02707         4       416    0.8901    0.8844    0.9004    0.4398   0.03739  0.005195         0
   240/299     6.81G   0.02226  0.004524         0   0.02678         4       416     0.922    0.8843    0.9099    0.4602   0.03692  0.005208         0
   241/299     6.81G   0.02168  0.004343         0   0.02602         4       416    0.8965    0.8844    0.9043     0.447   0.03715  0.005223         0
   242/299     6.81G   0.02142  0.004296         0   0.02572         4       416    0.8972     0.891     0.905     0.436    0.0373  0.005234         0
   243/299     6.81G   0.02294  0.004357         0    0.0273         4       416     0.858    0.8639    0.8822    0.4414   0.03731  0.005216         0
   244/299     6.81G   0.02219  0.004401         0   0.02659         4       416    0.8649    0.8707    0.8955    0.4514   0.03654  0.005265         0
   245/299     6.81G   0.02119  0.004284         0   0.02547         4       416    0.8918     0.898    0.9117    0.4613   0.03669  0.005199         0
   246/299     6.81G   0.02151  0.004197         0   0.02571         4       416     0.911    0.9047    0.9261    0.4623   0.03637  0.005119         0
   247/299     6.81G   0.02159  0.004274         0   0.02587         4       416    0.9048    0.9047    0.9135    0.4551   0.03589  0.005098         0
   248/299     6.81G   0.02151  0.004305         0   0.02581         4       416     0.898    0.8979    0.9084    0.4548   0.03607  0.005157         0
   249/299     6.81G   0.02141  0.004245         0   0.02566         4       416    0.8965    0.8844    0.9114    0.4491   0.03652  0.005229         0
   250/299     6.81G   0.02121  0.004385         0    0.0256         4       416    0.8667    0.8843    0.9106    0.4538   0.03721  0.005255         0
   251/299     6.81G   0.02172  0.004355         0   0.02607         4       416    0.8911    0.8912    0.9096    0.4478    0.0368  0.005251         0
   252/299     6.81G   0.02156  0.004311         0   0.02588         4       416    0.8926    0.9048    0.9107    0.4377   0.03722   0.00528         0
   253/299     6.81G   0.02193  0.004443         0   0.02637         4       416    0.8874    0.9116    0.9066    0.4332   0.03746  0.005281         0
   254/299     6.81G   0.02099  0.004177         0   0.02517         4       416    0.9166     0.898    0.9153    0.4316   0.03715  0.005253         0
   255/299     6.81G   0.02126  0.004315         0   0.02558         4       416    0.8972    0.8912    0.9061     0.439   0.03708  0.005248         0
   256/299     6.81G    0.0213  0.004359         0   0.02565         4       416    0.9219    0.8844    0.9177    0.4523   0.03706  0.005193         0
   257/299     6.81G   0.02082   0.00433         0   0.02515         4       416      0.88    0.8979    0.9134    0.4427   0.03684  0.005204         0
   258/299     6.81G     0.021   0.00428         0   0.02527         4       416    0.9236    0.9047    0.9326    0.4421   0.03694  0.005273         0
   259/299     6.81G   0.02117  0.004226         0    0.0254         4       416    0.8733    0.8912    0.9078    0.4424   0.03745  0.005284         0
   260/299     6.81G   0.02156  0.004348         0   0.02591         4       416    0.9047    0.9048    0.9295     0.436   0.03718  0.005205         0
   261/299     6.81G   0.02074  0.004231         0   0.02497         4       416    0.9122    0.9183    0.9379    0.4471   0.03671  0.005166         0
   262/299     6.81G   0.02119   0.00419         0   0.02538         4       416      0.93    0.9116    0.9399    0.4584    0.0364  0.005231         0
   263/299     6.81G   0.02093  0.004126         0   0.02506         4       416    0.9078    0.8705    0.8936    0.4463   0.03697  0.005359         0
   264/299     6.81G   0.02131  0.004205         0   0.02552         4       416    0.9049    0.8435    0.8954    0.4268   0.03748   0.00555         0
   265/299     6.81G   0.02086  0.004187         0   0.02505         4       416    0.8866    0.9048    0.9019    0.4379   0.03657  0.005352         0
   266/299     6.81G   0.02093  0.004182         0   0.02511         4       416    0.8933    0.9113    0.9115    0.4465   0.03629  0.005236         0
   267/299     6.81G   0.02114  0.004221         0   0.02536         4       416    0.9247    0.9183    0.9424    0.4572   0.03607  0.005308         0
   268/299     6.81G    0.0207  0.004303         0   0.02501         4       416    0.9314    0.9252     0.947    0.4593   0.03607  0.005211         0
   269/299     6.81G   0.02065  0.004107         0   0.02475         4       416    0.9241    0.9116    0.9312    0.4466   0.03645   0.00517         0
   270/299     6.81G   0.02064  0.004217         0   0.02486         4       416      0.93    0.9048    0.9366    0.4526   0.03635   0.00513         0
   271/299     6.81G   0.02005  0.004131         0   0.02418         4       416    0.9155    0.8839    0.9133    0.4367    0.0368  0.005254         0
   272/299     6.81G   0.02061  0.004158         0   0.02477         4       416     0.893    0.9116    0.9174    0.4436   0.03661  0.005254         0
   273/299     6.81G   0.02089  0.004168         0   0.02506         4       416    0.8871    0.9116    0.9163    0.4545   0.03653  0.005236         0
   274/299     6.81G   0.01998  0.004138         0   0.02411         4       416    0.8909    0.8912    0.8959      0.45   0.03591   0.00518         0
   275/299     6.81G   0.02045  0.004154         0    0.0246         4       416    0.8919    0.8976    0.8977    0.4329   0.03695  0.005428         0
   276/299     6.81G    0.0207  0.004079         0   0.02478         4       416    0.9397    0.8503     0.918    0.4466   0.03696   0.00531         0
   277/299     6.81G   0.01933  0.004135         0   0.02347         4       416    0.8979     0.898    0.9276    0.4504    0.0365  0.005216         0
   278/299     6.81G   0.01987   0.00415         0   0.02402         4       416    0.8843    0.8841    0.8925    0.4486    0.0361  0.005226         0
   279/299     6.81G   0.02005  0.003964         0   0.02401         4       416    0.9108    0.9048    0.9145    0.4477   0.03637  0.005266         0
   280/299     6.81G   0.02029  0.004161         0   0.02445         4       416    0.9097     0.891     0.913    0.4324   0.03668  0.005333         0
   281/299     6.81G   0.01922   0.00401         0   0.02323         4       416    0.8999    0.9184    0.9283    0.4442    0.0372   0.00538         0
   282/299     6.81G    0.0198  0.004029         0   0.02383         4       416     0.909    0.8844    0.9137    0.4502   0.03711  0.005328         0
   283/299     6.81G   0.02011  0.004118         0   0.02423         4       416    0.8843    0.8843    0.9037    0.4402   0.03755  0.005386         0
   284/299     6.81G   0.01999  0.004066         0   0.02405         4       416    0.9504    0.9115    0.9452    0.4673   0.03564  0.005147         0
   285/299     6.81G   0.01938  0.003982         0   0.02336         4       416    0.9214    0.8774    0.9146    0.4586   0.03601  0.005168         0
   286/299     6.81G   0.01946  0.004039         0    0.0235         4       416    0.8912    0.8912    0.9104    0.4527   0.03633  0.005241         0
   287/299     6.81G   0.02015  0.004138         0   0.02429         4       416    0.8958    0.8775    0.8984    0.4464   0.03658  0.005331         0
   288/299     6.81G   0.01958  0.004034         0   0.02361         4       416    0.8755    0.9116    0.9162    0.4321   0.03682  0.005403         0
   289/299     6.81G   0.01931  0.004018         0   0.02332         4       416    0.9063    0.8571    0.8966    0.4284   0.03752  0.005472         0
   290/299     6.81G   0.01948  0.004025         0   0.02351         4       416      0.88    0.8976    0.9116     0.444   0.03724  0.005454         0
   291/299     6.81G   0.01927  0.004019         0   0.02329         4       416    0.9096    0.8912    0.9082    0.4395   0.03729  0.005483         0
   292/299     6.81G   0.01899  0.004045         0   0.02304         4       416    0.8986    0.9048    0.9106    0.4545   0.03656  0.005323         0
   293/299     6.81G   0.01936  0.003994         0   0.02335         4       416    0.8918     0.898    0.9244    0.4632   0.03634  0.005351         0
   294/299     6.81G   0.01962  0.004028         0   0.02364         4       416    0.9025    0.8844     0.913    0.4409    0.0375   0.00546         0
   295/299     6.81G   0.01961  0.003997         0   0.02361         4       416    0.8834    0.8776    0.8939    0.4443   0.03734  0.005455         0
   296/299     6.81G   0.01951  0.003965         0   0.02347         4       416    0.9054    0.9116    0.9223    0.4521   0.03653  0.005443         0
   297/299     6.81G   0.01955  0.004014         0   0.02356         4       416    0.8911    0.8908    0.9116    0.4549   0.03621  0.005433         0
   298/299     6.81G    0.0193  0.003899         0    0.0232         4       416    0.8965    0.8843    0.9152    0.4499   0.03664  0.005431         0
   299/299     6.81G   0.01941  0.004041         0   0.02345         4       416    0.9142    0.8702    0.9064    0.4537   0.03653  0.005357         0
