     0/399     5.96G   0.07203  0.009194   0.01978     0.101         2       192  0.003806    0.4345  0.002952 0.0004063   0.08317  0.008586   0.02346
     1/399     5.97G   0.06853  0.009388   0.01922   0.09713         2       192   0.00477    0.4509  0.003684  0.000538   0.08181   0.01059   0.02253
     2/399     5.97G   0.06804  0.009271   0.01873   0.09604         2       192  0.005511    0.4189  0.005344 0.0008586   0.08169  0.007225   0.02135
     3/399     5.98G   0.06873    0.0091   0.01835   0.09617         2       192   0.02405    0.2654   0.01372  0.002349   0.08164  0.007156   0.01991
     4/399     5.98G   0.06828  0.009031   0.01645   0.09375         2       192   0.05853    0.1062   0.02936  0.005723   0.08012  0.007144   0.01466
     5/399     5.98G   0.06739   0.00927   0.01273   0.08939         2       192   0.03717   0.05495   0.01637  0.002888   0.08139  0.006939   0.02013
     6/399     5.98G   0.06651   0.00945   0.01192   0.08789         2       192   0.01837    0.1318   0.01021  0.001664   0.08111  0.006926   0.02138
     7/399     5.98G   0.06789  0.009112   0.01363   0.09063         2       192   0.03178    0.1027   0.01414  0.002685   0.08865  0.005672   0.02023
     8/399     5.98G   0.06555  0.009435   0.01249   0.08747         2       192    0.5505    0.1337   0.04652  0.007917   0.07861  0.006961   0.01844
     9/399     5.98G    0.0678  0.009145    0.0119   0.08885         2       192    0.5628    0.1062   0.02946  0.004362    0.0803  0.006824    0.0178
    10/399     5.98G   0.06511  0.009468    0.0125   0.08707         2       192   0.04999    0.1623   0.01824  0.002672   0.08556  0.006437   0.02468
    11/399     5.98G   0.06529  0.009414   0.01139   0.08609         2       192    0.0674    0.1307   0.03579  0.007802   0.07747  0.006999   0.01688
    12/399     5.98G   0.06496  0.009416   0.01331   0.08769         2       192    0.5944   0.09333   0.05144   0.01614   0.08242  0.006513     0.015
    13/399     5.98G   0.06481  0.009508    0.0107   0.08502         2       192    0.1286    0.3459   0.07473   0.01693   0.07643  0.007025   0.01196
    14/399     5.98G   0.06364  0.009865   0.01003   0.08354         2       192    0.5252    0.1081   0.01598  0.003076   0.07889  0.007043   0.01299
    15/399     5.98G   0.06258   0.00966  0.008648   0.08088         2       192    0.6826   0.09692   0.06812    0.0123   0.07652  0.007026   0.01175
    16/399     5.98G   0.06175  0.009687  0.008141   0.07958         2       192    0.6321    0.1264   0.06861   0.01489   0.07514   0.00704   0.01131
    17/399     5.98G   0.06133  0.009755  0.007637   0.07872         2       192    0.6296    0.1282   0.05996   0.01646   0.07483   0.00713   0.01027
    18/399     5.98G   0.06071  0.009749  0.007599   0.07806         2       192    0.6507    0.1502   0.08104   0.02534   0.07197  0.007193  0.008223
    19/399     5.98G    0.0603  0.009742  0.007234   0.07727         2       192    0.6629    0.1282   0.08664    0.0325   0.07311  0.007245   0.00972
    20/399     5.98G   0.06123  0.009734  0.006463   0.07743         2       192    0.6948     0.119   0.08644   0.03067   0.07525  0.006834  0.009141
    21/399     5.98G    0.0602  0.009821  0.006553   0.07657         2       192    0.6322    0.1209   0.07151   0.02031   0.07261  0.007192   0.01083
    22/399     5.98G   0.05896  0.009785  0.006954    0.0757         2       192    0.6572    0.1337   0.09898   0.03244   0.07357  0.006936   0.01268
    23/399     5.98G   0.05798  0.009924  0.006479   0.07438         2       192    0.6321     0.119   0.06741   0.02359   0.07326  0.007133  0.008768
    24/399     5.98G   0.05941  0.009751  0.006795   0.07595         2       192    0.6465     0.119    0.0855   0.02649   0.07277  0.007087  0.008028
    25/399     5.98G   0.05827  0.009741  0.006347   0.07436         2       192     0.679    0.1245   0.08024   0.02907   0.07271    0.0071  0.008573
    26/399     5.98G   0.05723  0.009789  0.005609   0.07263         2       192    0.1006    0.2379   0.04889   0.01142   0.07368  0.007005   0.00875
    27/399     5.98G   0.05751  0.009738  0.005522   0.07277         2       192    0.6263    0.1722   0.09879   0.02976   0.06919  0.007243  0.007028
    28/399     5.98G   0.05574  0.009993  0.005631   0.07137         2       192     0.123    0.1538   0.07424   0.02262   0.07072  0.007161    0.0142
    29/399     5.98G     0.056  0.009844   0.00556    0.0714         2       192    0.6226    0.1575   0.08726   0.02515   0.06942  0.007283   0.01656
    30/399     5.98G   0.05598   0.00982  0.005737   0.07154         2       192    0.1131    0.1852   0.07377   0.02205   0.06898   0.00736  0.007721
    31/399     5.98G    0.0556  0.009733  0.005516   0.07085         2       192    0.1422    0.2415   0.07388   0.01977   0.07065  0.007222   0.00974
    32/399     5.98G   0.05497  0.009793  0.005066   0.06982         2       192    0.6375    0.1795    0.1223   0.03354   0.06901   0.00711  0.006165
    33/399     5.98G   0.05633  0.009608  0.005395   0.07134         2       192    0.1426    0.2566   0.07221   0.02239   0.07079  0.007224   0.01041
    34/399     5.98G   0.05514  0.009798  0.005336   0.07027         2       192      0.64    0.1813   0.09875   0.02586   0.06743   0.00719   0.00676
    35/399     5.98G   0.05427  0.009745  0.005076   0.06909         2       192    0.6259    0.1209   0.07161   0.02076   0.06881  0.007253  0.008213
    36/399     5.98G   0.05279   0.00993   0.00455   0.06727         2       192    0.1425    0.3277    0.1031   0.03304   0.06899  0.007179  0.008108
    37/399     5.98G   0.05321  0.009667  0.004733   0.06761         2       192    0.1304    0.2518   0.07574    0.0204   0.06754  0.007202  0.007351
    38/399     5.98G   0.05436  0.009588  0.004709   0.06866         2       192    0.1681    0.2844    0.1059   0.02903   0.06691  0.007264  0.006673
    39/399     5.98G   0.05262  0.009759  0.004904   0.06729         2       192    0.6056    0.1593    0.1016   0.03303   0.06787  0.007204   0.00855
    40/399     5.98G   0.05191  0.009879  0.004498   0.06629         2       192    0.1323    0.2761   0.09927   0.02581   0.06734  0.007244  0.006346
    41/399     5.98G   0.05204  0.009917  0.004413   0.06637         2       192    0.1295    0.3473   0.09927   0.02694   0.06574  0.007303  0.007877
    42/399     5.98G   0.05165  0.009748   0.00452   0.06592         2       192    0.6191    0.1648    0.1011   0.02557   0.06866  0.007105  0.006891
    43/399     5.98G   0.05131  0.009873  0.004776   0.06596         2       192    0.1667    0.3465    0.1052   0.03014   0.06516  0.007117  0.005791
    44/399     5.98G   0.05132  0.009664  0.004263   0.06525         2       192    0.1853    0.2312   0.09863   0.02375    0.0649  0.007147  0.005371
    45/399     5.98G   0.05161  0.009624  0.004219   0.06545         2       192    0.1412    0.3405    0.1097   0.02749   0.06596  0.007216  0.006509
    46/399     5.98G   0.05095  0.009889  0.004475   0.06531         2       192    0.2172    0.2734    0.1275   0.03799   0.06614  0.007091  0.005336
    47/399     5.98G   0.05098  0.009693  0.004574   0.06524         2       192    0.1533    0.3498    0.1119   0.03119   0.06609  0.007198  0.006691
    48/399     5.98G   0.05205  0.009439   0.00485   0.06634         2       192    0.1606     0.324    0.1094   0.02826   0.06769  0.007075  0.006036
    49/399     5.98G   0.05099  0.009541   0.00467    0.0652         2       192    0.1705    0.3605    0.1299   0.03449   0.06468  0.007087  0.005444
    50/399     5.98G   0.05077  0.009674   0.00409   0.06453         2       192    0.1173    0.2308    0.1144   0.02947   0.06638   0.00715  0.005429
    51/399     5.98G   0.05037  0.009637  0.004243   0.06425         2       192    0.1185    0.4475    0.1246   0.03719   0.06446  0.007126  0.005171
    52/399     5.98G   0.05016  0.009693  0.004386   0.06424         2       192    0.1345    0.2928   0.09901   0.02832    0.0665  0.006998  0.004677
    53/399     5.98G   0.04995  0.009585  0.003762   0.06329         2       192    0.1587    0.3787    0.1471     0.048   0.06396  0.007136  0.005841
    54/399     5.98G   0.04953  0.009532  0.004147   0.06321         2       192    0.2655    0.3614    0.1901   0.07259   0.06285  0.007219  0.005324
    55/399     5.98G    0.0492  0.009552  0.004258   0.06301         2       192    0.1962    0.3402    0.1229    0.0366   0.06407  0.007309  0.005026
    56/399     5.98G   0.04848  0.009641  0.004304   0.06242         2       192    0.1632    0.3392    0.1448   0.04532   0.06393  0.007009  0.004707
    57/399     5.98G   0.04797   0.00953  0.003695    0.0612         2       192    0.2602    0.3321     0.138    0.0459   0.06406  0.007155  0.006036
    58/399     5.98G   0.04856  0.009629  0.003928   0.06211         2       192    0.1825    0.4056    0.1446   0.04569   0.06285  0.007155  0.005552
    59/399     5.98G   0.04895  0.009348  0.004014   0.06232         2       192    0.6318    0.2106    0.1506   0.03686   0.06419  0.007054  0.005901
    60/399     5.98G   0.04765  0.009589  0.003559    0.0608         2       192    0.2876    0.3024     0.163   0.05405   0.06288  0.007194  0.005029
    61/399     5.98G   0.04666  0.009655  0.003654   0.05997         2       192    0.2065    0.3615    0.1477   0.03957   0.06243   0.00711   0.00459
    62/399     5.98G   0.04814  0.009451  0.003847   0.06144         2       192     0.248    0.3606    0.1719   0.05901   0.06322  0.007092  0.006433
    63/399     5.98G   0.04723  0.009575  0.003964   0.06077         2       192    0.2311    0.3138    0.1495   0.04312   0.06355  0.007105  0.005092
    64/399     5.98G   0.04766  0.009366  0.003671   0.06069         2       192    0.3567    0.2438    0.1466   0.04599   0.06286  0.007038  0.005223
    65/399     5.98G   0.04673  0.009317  0.004025   0.06007         2       192    0.3203    0.2263    0.1359   0.03706   0.06389  0.007106  0.004317
    66/399     5.98G   0.04702  0.009511  0.003832   0.06036         2       192    0.1705    0.4246    0.1613   0.04448   0.06322   0.00705  0.004691
    67/399     5.98G   0.04654  0.009271  0.003889    0.0597         2       192    0.2491    0.3493    0.1526   0.04537   0.06246  0.007116  0.004477
    68/399     5.98G   0.04619  0.009315  0.003662   0.05917         2       192    0.2888    0.3894    0.2282   0.08691   0.06283  0.007033   0.00471
    69/399     5.98G   0.04706  0.009431  0.003543   0.06004         2       192    0.2681    0.2836    0.1462   0.04862   0.06201  0.007222  0.004343
    70/399     5.98G   0.04645   0.00937  0.003888   0.05971         2       192    0.1973    0.3886    0.1597   0.04623   0.06036  0.007261  0.005431
    71/399     5.98G   0.04632  0.009454  0.003982   0.05975         2       192    0.1607    0.3515    0.1233   0.03125    0.0628  0.007153   0.00564
    72/399     5.98G    0.0466  0.009311  0.003639   0.05955         2       192    0.2147    0.4043    0.1739    0.0531   0.06084  0.007224  0.004985
    73/399     5.98G   0.04473  0.009423  0.003755   0.05791         2       192    0.3423    0.3313    0.1769    0.0557   0.06236  0.006893  0.004695
    74/399     5.98G    0.0454  0.009342  0.003666   0.05841         2       192    0.2311    0.3718    0.1714    0.0498   0.06131  0.007012  0.004159
    75/399     5.98G   0.04679  0.009193  0.003436   0.05942         2       192    0.1789    0.2972    0.1432   0.04236   0.06145  0.007243  0.005023
    76/399     5.98G   0.04686  0.009248  0.003805   0.05991         2       192    0.1937    0.3861    0.1654   0.04633   0.06199  0.007182  0.004505
    77/399     5.98G   0.04538  0.009302  0.003692   0.05838         2       192    0.2031    0.3476    0.1581    0.0437   0.06314  0.006971  0.004517
    78/399     5.98G   0.04526  0.009373   0.00383   0.05846         2       192    0.2056    0.3087    0.1457   0.04311   0.06277  0.007172   0.00489
    79/399     5.98G   0.04571  0.009217  0.003398   0.05832         2       192     0.379    0.2996    0.1485   0.04476   0.06145  0.006997  0.004325
    80/399     5.98G    0.0455  0.009179  0.003721    0.0584         2       192    0.2297    0.2891    0.1542   0.03673   0.06176  0.007115  0.004417
    81/399     5.98G   0.04466  0.009248  0.003549   0.05746         2       192    0.2624    0.2639    0.1674   0.04922   0.06011  0.006984   0.00442
    82/399     5.98G   0.04497  0.009236  0.003244   0.05745         2       192    0.2781    0.4126    0.2061   0.07005   0.05919  0.007147   0.00469
    83/399     5.98G   0.04409  0.009248  0.003457   0.05679         2       192    0.2988    0.3466    0.1998   0.06485    0.0594  0.007155  0.004317
    84/399     5.98G   0.04496  0.009005  0.003592   0.05756         2       192     0.149    0.4228    0.1329    0.0386   0.06011  0.007318  0.005278
    85/399     5.98G   0.04325  0.009468  0.003488    0.0562         2       192    0.2608    0.3305    0.1811   0.05442    0.0611  0.006938  0.004133
    86/399     5.98G   0.04467  0.009144  0.003328   0.05714         2       192    0.2664    0.3508    0.1909    0.0599   0.06244  0.007139  0.004519
    87/399     5.98G   0.04383   0.00915  0.003415   0.05639         2       192    0.2376    0.4596    0.2267   0.07269   0.06063  0.006958  0.004431
    88/399     5.98G   0.04544  0.009011  0.003396   0.05784         2       192     0.268    0.3668    0.1905   0.06931   0.05999   0.00717  0.005277
    89/399     5.98G   0.04324  0.009094  0.003193   0.05552         2       192    0.2673    0.2495    0.1607   0.05195   0.05986   0.00704  0.004328
    90/399     5.98G   0.04425  0.009045  0.002918   0.05621         2       192    0.3727    0.2767    0.1876   0.05532     0.062  0.007036  0.004137
    91/399     5.98G    0.0443  0.008989  0.003169   0.05646         2       192    0.2735    0.2596    0.1582    0.0445   0.05996  0.007206  0.004252
    92/399     5.98G   0.04388  0.008954  0.003538   0.05638         2       192    0.2536    0.3995    0.2148   0.06767   0.05867  0.006886  0.003886
    93/399     5.98G   0.04343  0.008931  0.003138    0.0555         2       192    0.2388    0.2514    0.1644   0.04837   0.05973  0.007193  0.003962
    94/399     5.98G   0.04389  0.009073  0.003559   0.05653         2       192    0.3113     0.334    0.2076   0.06452   0.05925  0.007352  0.005032
    95/399     5.98G     0.043  0.009034   0.00307    0.0551         2       192    0.2969    0.3159     0.183   0.06075    0.0586  0.007191  0.004065
    96/399     5.98G   0.04249   0.00912  0.002965   0.05457         2       192    0.3173    0.3532    0.2216   0.07361   0.05958  0.007041  0.004747
    97/399     5.98G    0.0441  0.008873  0.002894   0.05587         2       192    0.2773     0.239    0.1662   0.04963   0.05971  0.006881  0.004168
    98/399     5.98G   0.04352  0.009125  0.003683   0.05633         2       192    0.3047    0.2645    0.1808   0.05411   0.06248  0.006856  0.004931
    99/399     5.98G    0.0433  0.009132  0.003099   0.05553         2       192    0.2301    0.2929    0.1871   0.05109   0.06036  0.006936  0.004114
   100/399     5.98G   0.04319  0.008792  0.002941   0.05493         2       192    0.3018    0.3137    0.1813   0.05838   0.06149  0.007225  0.004648
   101/399     5.98G   0.04404  0.009136  0.003521    0.0567         2       192    0.2417    0.4106    0.2008   0.05926   0.06056  0.006983  0.005101
   102/399     5.98G   0.04333  0.008995  0.003442   0.05577         2       192    0.3323    0.3542    0.2178   0.06249   0.05929  0.006793  0.004432
   103/399     5.98G   0.04354  0.008718  0.002892   0.05514         2       192    0.2941    0.3537    0.2059   0.05871   0.05836  0.007089  0.004294
   104/399     5.98G   0.04311  0.008832  0.003099   0.05504         2       192    0.2824    0.3223    0.2029   0.05892   0.05785  0.007154  0.004105
   105/399     5.98G   0.04164  0.009054  0.003158   0.05385         2       192    0.2961    0.2507    0.1837   0.05494   0.05921  0.006938  0.004504
   106/399     5.98G   0.04181   0.00879   0.00301   0.05361         2       192    0.2666    0.4126    0.2301   0.06448   0.05826  0.006798  0.004091
   107/399     5.98G   0.04231  0.008937  0.002845   0.05409         2       192    0.2509    0.3618    0.1941   0.05342   0.05696  0.007179  0.004308
   108/399     5.98G   0.04127  0.008884  0.003076   0.05323         2       192    0.3641    0.3668    0.2464   0.06975   0.05729  0.007005  0.003971
   109/399     5.98G   0.04126  0.008621  0.003118     0.053         2       192    0.3358    0.3334     0.219   0.06491    0.0595    0.0069  0.004236
   110/399     5.98G   0.04146   0.00877  0.002696   0.05292         2       192    0.2757    0.3435    0.2194   0.06617   0.05919  0.006952  0.003744
   111/399     5.98G   0.04107  0.008798   0.00286   0.05273         2       192    0.2846    0.2815    0.1958   0.05527   0.05645  0.006938  0.003778
   112/399     5.98G   0.04122  0.008745  0.002883   0.05285         2       192    0.2093    0.3443    0.1842   0.04978   0.05676  0.007211   0.00378
   113/399     5.98G   0.04078  0.008719  0.002687   0.05218         2       192    0.4184    0.3035    0.2365    0.0687   0.05665  0.007106  0.003635
   114/399     5.98G   0.03964  0.008915  0.002893   0.05145         2       192    0.2762    0.3441    0.2213   0.06446    0.0574  0.006881  0.003636
   115/399     5.98G   0.04063  0.008617  0.002921   0.05217         2       192    0.3905    0.3523    0.2524   0.07931   0.05692  0.006876  0.004511
   116/399     5.98G   0.04095  0.008572  0.002695   0.05222         2       192    0.2117     0.386    0.2055   0.06053   0.05651  0.007222  0.003578
   117/399     5.98G    0.0393   0.00884  0.002626   0.05077         2       192    0.3266     0.333    0.2326   0.07076   0.05711  0.006688  0.003741
   118/399     5.98G   0.04005  0.008633  0.002681   0.05136         2       192    0.3231    0.3543    0.2357   0.07642   0.05533  0.007092  0.003643
   119/399     5.98G   0.04016  0.008685  0.002797   0.05164         2       192    0.2703    0.3601    0.2357   0.08314   0.05589  0.007266  0.004998
   120/399     5.98G   0.03994   0.00869  0.002496   0.05113         2       192    0.3202     0.351     0.219   0.06229   0.05501  0.007051  0.003577
   121/399     5.98G   0.03924  0.008656  0.002539   0.05043         2       192    0.3677    0.3874    0.2827   0.08772   0.05459  0.006999  0.003206
   122/399     5.98G    0.0405  0.008743   0.00236    0.0516         2       192    0.3503    0.2948    0.2103   0.06527   0.05717  0.007156  0.004159
   123/399     5.98G   0.03991  0.008555  0.002626    0.0511         2       192    0.4068    0.3142    0.2712   0.08566   0.05475  0.006949  0.003332
   124/399     5.98G   0.04011  0.008492  0.002469   0.05107         2       192    0.4253    0.3568    0.2559   0.08085   0.05561  0.007171  0.004638
   125/399     5.98G   0.03824  0.008656  0.002327   0.04922         2       192    0.2756    0.4072    0.2434   0.07163   0.05494  0.007061  0.003788
   126/399     5.98G    0.0384  0.008477  0.002256   0.04913         2       192    0.2876    0.3641    0.2287   0.06561   0.05574  0.006962  0.003218
   127/399     5.98G   0.04017  0.008495  0.002455   0.05112         2       192    0.3889    0.3408     0.267   0.08006   0.05559  0.007082  0.003753
   128/399     5.98G   0.03853  0.008645  0.002559   0.04973         2       192    0.3215    0.3979    0.2524   0.07434   0.05592   0.00715  0.003976
   129/399     5.98G   0.03825  0.008471    0.0025   0.04922         2       192    0.3915    0.2828    0.2441   0.07679   0.05618  0.007035  0.003618
   130/399     5.98G   0.03952  0.008393  0.002228   0.05014         2       192    0.2567    0.3938    0.2141   0.05954   0.05701   0.00705  0.003548
   131/399     5.98G   0.03872   0.00841  0.002445   0.04958         2       192    0.2498    0.4445    0.2619    0.0796   0.05496  0.006886  0.003442
   132/399     5.98G   0.04011  0.008414  0.002523   0.05105         2       192    0.2734    0.4009    0.2415   0.07093   0.05624  0.006814   0.00367
   133/399     5.98G   0.03936   0.00826   0.00253   0.05015         2       192    0.3476    0.4117    0.2927   0.08508   0.05452  0.006833  0.003312
   134/399     5.98G   0.03985  0.008461  0.002309   0.05062         2       192    0.2817    0.4179    0.2444   0.08118   0.05523  0.006817  0.003966
   135/399     5.98G   0.03919  0.008293  0.002672   0.05015         2       192    0.3272    0.3555     0.266   0.07364   0.05444  0.006938  0.003637
   136/399     5.98G   0.03945  0.008474   0.00227   0.05019         2       192    0.3604      0.29    0.2058    0.0673   0.05649   0.00739  0.003768
   137/399     5.98G   0.03884  0.008491  0.002435   0.04977         2       192    0.3888    0.3781    0.2979   0.08587   0.05517  0.006661  0.003259
   138/399     5.98G   0.03922  0.008329  0.002587   0.05014         2       192    0.3313    0.4192    0.2787   0.08284   0.05406  0.006727  0.003386
   139/399     5.98G   0.03903  0.008313  0.002608   0.04996         2       192    0.2647    0.4008    0.2602   0.07884   0.05498  0.006996  0.003319
   140/399     5.98G    0.0391  0.008269  0.002152   0.04952         2       192    0.4118    0.3386    0.3026   0.09492   0.05313  0.007067  0.003464
   141/399     5.98G   0.03847  0.008375  0.002156     0.049         2       192    0.2936    0.3296    0.2313   0.06923   0.05522  0.007026  0.003698
   142/399     5.98G   0.03841  0.008201  0.002173   0.04879         2       192     0.313    0.4187    0.2834   0.09203   0.05413  0.007111  0.003131
   143/399     5.98G   0.03744  0.008331    0.0021   0.04787         2       192     0.431    0.3403    0.2939   0.08992   0.05483  0.007004  0.003386
   144/399     5.98G   0.03774  0.008325  0.002047   0.04811         2       192    0.3882    0.3326    0.2739   0.08944   0.05551  0.007137  0.004019
   145/399     5.98G   0.03762  0.008468  0.002269   0.04835         2       192    0.3077    0.3641    0.2669    0.0831   0.05439  0.007224  0.003348
   146/399     5.98G   0.03774  0.008293  0.002052   0.04809         2       192    0.3411    0.3583     0.251   0.07543   0.05502  0.006712  0.003193
   147/399     5.98G   0.03788  0.008358  0.002356   0.04859         2       192    0.3882    0.3518    0.2921   0.09253   0.05298   0.00718  0.003326
   148/399     5.98G   0.03776  0.008372  0.002319   0.04845         2       192    0.3232    0.3306    0.2349   0.06718   0.05449  0.007263  0.003321
   149/399     5.98G   0.03693  0.008246  0.001942   0.04712         2       192    0.3242    0.3088    0.2516    0.0737   0.05377  0.006968  0.003638
   150/399     5.98G   0.03748  0.008146  0.002294   0.04792         2       192    0.4499     0.404    0.3468    0.1126   0.05228  0.006907  0.003377
   151/399     5.98G   0.03687  0.008483  0.002113   0.04747         2       192    0.3704     0.342    0.2862   0.09393   0.05254  0.007152  0.003397
   152/399     5.98G   0.03698  0.008204  0.002087   0.04727         2       192    0.3649    0.4084    0.3194   0.09027   0.05281  0.006884  0.003085
   153/399     5.98G   0.03765  0.008118  0.002128    0.0479         2       192    0.3524     0.404    0.3004   0.08665   0.05333  0.007152  0.003116
   154/399     5.98G   0.03735  0.008039   0.00208   0.04747         2       192    0.2726    0.4294    0.2583   0.07631   0.05424  0.007266  0.003365
   155/399     5.98G   0.03708  0.008133  0.001834   0.04705         2       192    0.4271    0.3532    0.3161   0.09763    0.0517  0.006885  0.003265
   156/399     5.98G   0.03717  0.008095  0.002096   0.04736         2       192    0.3926    0.3967    0.3004    0.0885   0.05164  0.007045   0.00298
   157/399     5.98G    0.0358  0.008165  0.001796   0.04576         2       192    0.3181    0.4691    0.3121   0.09815   0.05286  0.007023  0.003536
   158/399     5.98G   0.03699  0.008052  0.001818   0.04686         2       192    0.3807    0.4018    0.3147   0.09158   0.05208  0.007101  0.003291
   159/399     5.98G   0.03631  0.008002  0.002393   0.04671         2       192    0.3134    0.3751    0.2769    0.0836   0.05332   0.00716  0.003652
   160/399     5.98G   0.03734   0.00818  0.002072   0.04759         2       192    0.4685    0.3323    0.3275    0.1012    0.0513  0.006933  0.003213
   161/399     5.98G   0.03598  0.008101  0.002187   0.04627         2       192    0.3705    0.4411    0.3177   0.09833   0.05217  0.006832  0.003293
   162/399     5.98G   0.03691  0.008042  0.001951   0.04691         2       192    0.3482    0.4639    0.3224    0.1057    0.0523   0.00702  0.003381
   163/399     5.98G   0.03597  0.008272  0.001962    0.0462         2       192    0.4374     0.419    0.3442    0.1075   0.05138    0.0066  0.003439
   164/399     5.98G   0.03645  0.008033  0.002075   0.04656         2       192    0.4532    0.4187    0.3567     0.111   0.04989  0.006981  0.003472
   165/399     5.98G   0.03585   0.00816  0.001868   0.04587         2       192    0.4929    0.3521    0.3397    0.1135   0.05136  0.007069  0.003408
   166/399     5.98G   0.03555  0.008058  0.001964   0.04557         2       192    0.4331    0.4053    0.3649    0.1111    0.0508  0.006647  0.003067
   167/399     5.98G   0.03553  0.007856  0.001916    0.0453         2       192    0.4032     0.396    0.3542    0.1048   0.05122  0.006734  0.003609
   168/399     5.98G   0.03588  0.007957   0.00206    0.0459         2       192    0.4068    0.4113    0.3374    0.1052   0.05102  0.007023  0.003769
   169/399     5.98G   0.03455  0.007933  0.001937   0.04442         2       192    0.3684    0.4615    0.3415    0.1074   0.05136  0.006873  0.003282
   170/399     5.98G   0.03587   0.00783  0.001776   0.04548         2       192    0.4289     0.431    0.3635    0.1092   0.05033  0.007069  0.003101
   171/399     5.98G    0.0348  0.007793  0.001887   0.04448         2       192    0.4958    0.4056     0.381    0.1233   0.05159  0.006984  0.003037
   172/399     5.98G   0.03529  0.007922  0.001835   0.04505         2       192    0.3613    0.4506    0.3289    0.1023   0.04985  0.006902  0.003076
   173/399     5.98G   0.03391  0.007868   0.00191   0.04369         2       192    0.4254    0.4399    0.3702    0.1186   0.05026  0.006778  0.003192
   174/399     5.98G   0.03528  0.007781  0.001742    0.0448         2       192    0.3752    0.4493    0.3263    0.1076   0.05137  0.006998  0.003319
   175/399     5.98G   0.03477   0.00778  0.001804   0.04436         2       192    0.4222    0.4155    0.3406    0.1071   0.05073  0.007266  0.003108
   176/399     5.98G   0.03541  0.008021  0.001713   0.04515         2       192    0.4701    0.4116    0.3678    0.1353   0.05011  0.006949  0.003571
   177/399     5.98G   0.03392  0.007784  0.001768   0.04347         2       192    0.4876    0.3972    0.3447    0.1149   0.05024  0.007021  0.004368
   178/399     5.98G   0.03498  0.007844  0.002152   0.04497         2       192    0.3221    0.5292    0.3395    0.1114   0.05028  0.006984  0.004084
   179/399     5.98G   0.03465  0.007786  0.001947   0.04438         2       192    0.4709     0.409    0.3763    0.1282   0.04985   0.00694   0.00379
   180/399     5.98G   0.03573  0.007849  0.002044   0.04562         2       192    0.4069    0.4481    0.3566    0.1082   0.05043  0.007004  0.003798
   181/399     5.98G   0.03495  0.008068  0.001802   0.04482         2       192    0.4245    0.4549    0.3632    0.1211   0.04988  0.007131  0.003297
   182/399     5.98G   0.03377  0.007956  0.002034   0.04376         2       192     0.458    0.4933    0.3933    0.1286    0.0497  0.006769  0.003136
   183/399     5.98G   0.03362  0.007732  0.001629   0.04298         2       192    0.4352    0.5002    0.4082    0.1433   0.04906  0.007006  0.002822
   184/399     5.98G   0.03436  0.007868  0.001851   0.04408         2       192    0.4836    0.4486    0.3955    0.1337   0.04859   0.00685  0.003306
   185/399     5.98G   0.03436  0.007681  0.002089   0.04413         2       192    0.5044    0.4613     0.419    0.1456   0.04889  0.006685  0.003281
   186/399     5.98G   0.03498  0.007646  0.001955   0.04458         2       192    0.4865    0.4247    0.3766    0.1237   0.04953  0.006693    0.0036
   187/399     5.98G   0.03416   0.00798  0.001763    0.0439         2       192    0.5286    0.4508    0.4142    0.1383   0.04889   0.00696  0.003202
   188/399     5.98G   0.03453  0.007813  0.001781   0.04412         2       192    0.4272    0.4549    0.3828    0.1158   0.05034  0.006863   0.00342
   189/399     5.98G   0.03505   0.00769  0.001773   0.04451         2       192    0.4063    0.4855    0.3897    0.1343    0.0494   0.00698  0.003265
   190/399     5.98G   0.03402  0.007753  0.001831    0.0436         2       192    0.5757    0.3986    0.4108    0.1454   0.04921  0.006826  0.003181
   191/399     5.98G   0.03385  0.007454  0.001743   0.04304         2       192     0.426    0.4044    0.3519    0.1182   0.04965  0.007084  0.003464
   192/399     5.98G   0.03363  0.007537  0.001618   0.04278         2       192    0.5027    0.4698    0.4276    0.1513   0.04846   0.00686  0.003391
   193/399     5.98G   0.03299  0.007717  0.001568   0.04228         2       192    0.5055    0.4169    0.3969    0.1376   0.04947  0.006932  0.003501
   194/399     5.98G   0.03319  0.007509  0.001598    0.0423         2       192    0.5191    0.4617    0.4364    0.1498   0.04876  0.006767  0.003375
   195/399     5.98G   0.03439  0.007584  0.001803   0.04377         2       192    0.4467    0.5178    0.4285    0.1361   0.04921  0.006774   0.00363
   196/399     5.98G   0.03557  0.008302  0.002438   0.04631         2       192    0.4961    0.4564    0.4003    0.1297    0.0498  0.006877  0.003917
   197/399     5.98G    0.0343  0.007918   0.00197   0.04419         2       192     0.444    0.4272     0.386    0.1191   0.04968  0.006848   0.00336
   198/399     5.98G   0.03473   0.00752  0.001625   0.04387         2       192    0.4881    0.4726    0.4399    0.1478   0.04864  0.006705  0.003123
   199/399     5.98G   0.03524  0.007885  0.001927   0.04506         2       192    0.4728    0.4527    0.4119    0.1415     0.048  0.006936  0.003249
   200/399     5.98G   0.03291  0.007749  0.001669   0.04232         2       192     0.502    0.4713    0.4536    0.1508   0.04847  0.006747  0.003158
   201/399     5.98G   0.03189  0.007674  0.001591   0.04115         2       192    0.4843     0.476    0.4123    0.1329   0.04902  0.006683  0.003314
   202/399     5.98G   0.03311  0.007792  0.001644   0.04255         2       192    0.4706    0.4962    0.4387     0.165   0.04782   0.00676    0.0033
   203/399     5.98G   0.03298  0.007595  0.001609   0.04218         2       192    0.5021    0.4905    0.4439    0.1436   0.04829   0.00662  0.003253
   204/399     5.98G   0.03298  0.007609  0.001798   0.04239         2       192    0.4623    0.5027    0.4147     0.131   0.04872  0.006793  0.003302
   205/399     5.98G   0.03313  0.007642  0.001632   0.04241         2       192    0.5313    0.4216    0.4131    0.1459   0.04813  0.006839  0.003106
   206/399     5.98G   0.03149  0.007574  0.001492   0.04056         2       192    0.5759    0.4183    0.4382     0.147   0.04912  0.006665  0.003194
   207/399     5.98G   0.03233  0.007477  0.001642   0.04145         2       192    0.4873      0.45    0.4099    0.1318    0.0486  0.006915  0.003544
   208/399     5.98G    0.0329  0.007719  0.001598   0.04222         2       192    0.4233    0.4291    0.3723    0.1278   0.04823  0.007128  0.003179
   209/399     5.98G   0.03114  0.007536   0.00158   0.04025         2       192    0.4981    0.4968    0.4421    0.1473   0.04835  0.006732  0.003219
   210/399     5.98G   0.03189  0.007427  0.001392   0.04071         2       192    0.4835    0.4814    0.4292    0.1368   0.04869  0.006631  0.003146
   211/399     5.98G    0.0329  0.007529  0.001759   0.04219         2       192    0.4315    0.4704    0.3906    0.1331   0.04871  0.006909  0.003009
   212/399     5.98G   0.03294  0.007534  0.001658   0.04214         2       192    0.4899    0.5122    0.4386    0.1493   0.04881   0.00668  0.003138
   213/399     5.98G   0.03198  0.007434  0.001632   0.04104         2       192    0.4874    0.4618    0.4129    0.1476   0.04851  0.006815  0.003175
   214/399     5.98G   0.03174  0.007425  0.001391   0.04055         2       192    0.4574    0.4606    0.3953     0.132   0.04862   0.00697  0.003113
   215/399     5.98G   0.03092  0.007385  0.001378   0.03969         2       192     0.536    0.4914    0.4515    0.1639   0.04813  0.006696  0.003175
   216/399     5.98G   0.03157  0.007345  0.001546   0.04046         2       192    0.4895    0.4794    0.4087    0.1337   0.04895  0.006941  0.003508
   217/399     5.98G   0.03164  0.007501  0.001511   0.04065         2       192    0.4965    0.4593    0.4054    0.1472   0.04876  0.007049  0.003461
   218/399     5.98G   0.03136  0.007404  0.001622   0.04039         2       192    0.5522     0.468    0.4485    0.1513   0.04799   0.00668  0.003269
   219/399     5.98G   0.03106  0.007213  0.001396   0.03967         2       192    0.5569    0.4663    0.4585    0.1619   0.04842  0.006643  0.003157
   220/399     5.98G   0.03056  0.007325  0.001344   0.03923         2       192    0.5325    0.4726    0.4363    0.1503   0.04868  0.006629   0.00316
   221/399     5.98G   0.03159   0.00718  0.001678   0.04044         2       192    0.6033    0.4242     0.452    0.1583   0.04926  0.006722  0.003284
   222/399     5.98G   0.03093  0.007298  0.001561   0.03979         2       192    0.5044    0.4356    0.4133     0.144   0.04868  0.006891    0.0032
   223/399     5.98G   0.03062  0.007232  0.001425   0.03928         2       192     0.555    0.4463     0.435    0.1574   0.04821  0.006816  0.003236
   224/399     5.98G   0.03111  0.007183  0.001533   0.03983         2       192    0.4567    0.4969    0.4148    0.1496   0.04777   0.00691  0.003292
   225/399     5.98G   0.03047  0.007314  0.001492   0.03928         2       192    0.4527    0.5081    0.4201    0.1519   0.04814  0.006945  0.003341
   226/399     5.98G   0.03088  0.007228  0.001429   0.03954         2       192    0.5052    0.4819    0.4354    0.1492   0.04828   0.00681  0.003322
   227/399     5.98G   0.03053  0.007068  0.001284   0.03888         2       192    0.4873    0.5235    0.4564    0.1621   0.04765   0.00686  0.003241
   228/399     5.98G   0.03093  0.007128  0.001319   0.03938         2       192    0.5204    0.4976    0.4537    0.1612   0.04763  0.006898  0.003292
   229/399     5.98G   0.03053  0.007215  0.001637   0.03938         2       192    0.5041    0.4989    0.4376    0.1559   0.04833  0.006923  0.003352
   230/399     5.98G   0.03097  0.007151  0.001628   0.03975         2       192    0.4919    0.4991    0.4234    0.1516   0.04789  0.006787  0.003378
   231/399     5.98G   0.02967  0.007102  0.001483   0.03826         2       192    0.5769    0.4438    0.4522    0.1628   0.04811   0.00682  0.003298
   232/399     5.98G   0.03018  0.007032  0.001316   0.03852         2       192    0.5005     0.524     0.457    0.1569   0.04753  0.006738  0.003282
   233/399     5.98G   0.03095  0.007048  0.001395   0.03939         2       192    0.5309     0.505    0.4627    0.1596    0.0477  0.006856  0.003433
   234/399     5.98G      0.03  0.007017  0.001424   0.03844         2       192    0.5153    0.5232    0.4722    0.1627   0.04704  0.006849  0.003376
   235/399     5.98G   0.02946  0.006967  0.001332   0.03776         2       192    0.5302    0.5135    0.4667    0.1587   0.04763   0.00688  0.003313
   236/399     5.98G   0.03042  0.006946  0.001338    0.0387         2       192    0.5214    0.4949    0.4631    0.1616    0.0472   0.00691  0.003363
   237/399     5.98G    0.0298  0.006909  0.001403   0.03811         2       192    0.5414    0.5036    0.4712    0.1628   0.04837  0.006768  0.003364
   238/399     5.98G   0.02993  0.006965  0.001332   0.03823         2       192    0.5326    0.5025    0.4631    0.1662   0.04817  0.006846  0.003445
   239/399     5.98G   0.02877  0.007067  0.001188   0.03703         2       192    0.5925    0.4556    0.4646    0.1696   0.04809  0.006804  0.003442
   240/399     5.98G   0.02954  0.006953  0.001341   0.03783         2       192    0.6105    0.4643    0.4755    0.1764   0.04759   0.00687  0.003331
   241/399     5.98G   0.03027  0.007015  0.001583   0.03887         2       192    0.6083    0.4461     0.449    0.1563   0.04847  0.006878  0.003248
   242/399     5.98G   0.03034  0.006885  0.001092   0.03832         2       192    0.5895    0.4748    0.4837    0.1699   0.04811  0.006868  0.003223
   243/399     5.98G   0.03066  0.006957   0.00135   0.03897         2       192    0.5516    0.4741    0.4515    0.1565   0.04835   0.00712  0.003279
   244/399     5.98G   0.02973   0.00704  0.001428    0.0382         2       192    0.5057    0.4896    0.4362    0.1579   0.04794  0.007029  0.003159
   245/399     5.98G   0.02914  0.006956  0.001276   0.03737         2       192    0.5747    0.4699    0.4508    0.1536   0.04824  0.007006    0.0032
   246/399     5.98G   0.02919   0.00694   0.00123   0.03736         2       192    0.5046    0.4927    0.4393    0.1495   0.04797  0.007053  0.003198
   247/399     5.98G   0.02869   0.00681  0.001344   0.03685         2       192    0.5248    0.4948    0.4403    0.1508   0.04802  0.007084  0.003349
   248/399     5.98G   0.02834  0.006786  0.001291   0.03641         2       192    0.4969    0.5316    0.4474    0.1578   0.04756   0.00714  0.003389
   249/399     5.98G   0.02888   0.00677  0.001191   0.03684         2       192    0.4756    0.5581    0.4472    0.1575     0.047   0.00713  0.003282
   250/399     5.98G   0.02864  0.006729  0.001336    0.0367         2       192    0.5587    0.5111    0.4608    0.1606   0.04747  0.007014  0.003201
   251/399     5.98G   0.02802  0.006646  0.001223   0.03588         2       192    0.5357    0.5398    0.4752    0.1671    0.0475  0.006887  0.003138
   252/399     5.98G   0.02906   0.00672  0.001191   0.03697         2       192    0.5464     0.542    0.4799    0.1738    0.0469  0.006897  0.003131
   253/399     5.98G   0.02814  0.006653  0.001349   0.03614         2       192    0.5598    0.5182    0.4819    0.1722   0.04723  0.006863  0.003161
   254/399     5.98G   0.02834  0.006744  0.001312   0.03639         2       192    0.5464    0.5506    0.4913    0.1738     0.047  0.006836  0.003261
   255/399     5.98G   0.02896  0.006686  0.001469   0.03712         2       192    0.5186    0.5457    0.4732    0.1671   0.04721   0.00701  0.003316
   256/399     5.98G   0.02877  0.006755  0.001255   0.03678         2       192    0.5392    0.5399    0.4857    0.1701   0.04761  0.006999  0.003392
   257/399     5.98G   0.02982  0.006637  0.001234   0.03769         2       192    0.5317     0.531    0.4793     0.168   0.04794  0.007079  0.003485
   258/399     5.98G    0.0299  0.006663  0.001478   0.03804         2       192    0.5109    0.5323     0.469     0.166   0.04826  0.007113  0.003495
   259/399     5.98G    0.0289  0.006662  0.001343    0.0369         2       192    0.5129    0.5066     0.452    0.1567   0.04846  0.007178   0.00349
   260/399     5.98G   0.03019  0.006751  0.001298   0.03824         2       192    0.5344    0.4993    0.4542    0.1589   0.04831  0.007158    0.0034
   261/399     5.98G   0.03064  0.006821  0.001505   0.03897         2       192    0.5763    0.4723    0.4683    0.1679   0.04801   0.00707  0.003365
   262/399     5.98G   0.02993  0.006891  0.001437   0.03826         2       192    0.5784    0.4874    0.4704    0.1679   0.04778  0.007063  0.003316
   263/399     5.98G   0.02977  0.006588  0.001386   0.03775         2       192    0.5417    0.5134    0.4637    0.1655   0.04803  0.007035  0.003391
   264/399     5.98G   0.02993  0.006775  0.001565   0.03827         2       192    0.5357    0.4976    0.4511    0.1603   0.04764   0.00705  0.003398
   265/399     5.98G   0.02915  0.006723  0.001475   0.03735         2       192    0.5386     0.518    0.4719    0.1643   0.04741  0.007001  0.003399
   266/399     5.98G   0.02809  0.006738  0.001226   0.03606         2       192    0.5361    0.5518    0.4781    0.1722   0.04711  0.006955  0.003358
   267/399     5.98G   0.02788  0.006628  0.001334   0.03585         2       192    0.5651    0.5227    0.4815    0.1783   0.04679  0.006834  0.003372
   268/399     5.98G    0.0281  0.006633  0.001198   0.03593         2       192    0.6036    0.4992    0.4988    0.1807   0.04695  0.006755   0.00339
   269/399     5.98G   0.02833   0.00641   0.00146    0.0362         2       192    0.5286    0.5585    0.4971    0.1837   0.04678  0.006816  0.003503
   270/399     5.98G   0.02842  0.006697  0.001349   0.03647         2       192    0.5496    0.5639    0.4961    0.1836   0.04675  0.006864  0.003542
   271/399     5.98G   0.02957  0.006468  0.001433   0.03747         2       192       0.6    0.5109     0.505    0.1845   0.04723  0.006852  0.003555
   272/399     5.98G   0.02778  0.006472  0.001568   0.03582         2       192    0.5503    0.5195    0.4913    0.1786   0.04728  0.006881  0.003517
   273/399     5.98G   0.02735   0.00658  0.001077   0.03501         2       192    0.5367    0.5603    0.5069    0.1792   0.04722  0.006861  0.003496
   274/399     5.98G   0.02704  0.006461  0.001165   0.03467         2       192     0.583    0.5079    0.5083    0.1764   0.04702  0.006898  0.003513
   275/399     5.98G   0.02811  0.006443   0.00121   0.03576         2       192    0.5925    0.5002    0.4956    0.1765   0.04712  0.006999  0.003588
   276/399     5.98G   0.02902  0.006641  0.001344     0.037         2       192    0.5437    0.5032    0.4884    0.1709   0.04692  0.006959  0.003525
   277/399     5.98G   0.02835  0.006447  0.001446   0.03624         2       192    0.6096    0.4647    0.4844    0.1653   0.04726  0.006888  0.003497
   278/399     5.98G   0.02724  0.006398  0.001125   0.03477         2       192    0.6259    0.4495    0.4837    0.1687   0.04694  0.006899  0.003456
   279/399     5.98G   0.02687  0.006357  0.001222   0.03445         2       192    0.5817    0.4984    0.4968    0.1738   0.04667  0.006899  0.003486
   280/399     5.98G   0.02748  0.006379  0.001269   0.03512         2       192    0.5242    0.5534    0.4977    0.1732   0.04695  0.006929  0.003405
   281/399     5.98G    0.0283    0.0063  0.001313   0.03591         2       192    0.5341    0.5385    0.5017    0.1751   0.04673  0.006943  0.003432
   282/399     5.98G   0.02822  0.006339  0.001446     0.036         2       192    0.5577    0.5176     0.494    0.1687   0.04682     0.007  0.003416
   283/399     5.98G   0.02711  0.006313  0.001107   0.03453         2       192    0.5227    0.5362    0.4832    0.1701   0.04684  0.007058  0.003462
   284/399     5.98G   0.02748  0.006192  0.001086   0.03476         2       192    0.5695    0.4953    0.4798    0.1733   0.04687  0.007102  0.003437
   285/399     5.98G    0.0284   0.00635  0.001394   0.03615         2       192    0.5575    0.5291    0.4896    0.1751   0.04666  0.007087  0.003483
   286/399     5.98G   0.02763  0.006392  0.001183   0.03521         2       192    0.5722    0.5061    0.4784    0.1707   0.04692  0.007136  0.003524
   287/399     5.98G   0.02581  0.006216  0.001175    0.0332         2       192    0.6333    0.4727    0.4887    0.1751   0.04689  0.007164  0.003562
   288/399     5.98G   0.02576  0.006244  0.001168   0.03317         2       192    0.6135    0.4869    0.4868    0.1731   0.04711  0.007156   0.00352
   289/399     5.98G   0.02581  0.006154  0.001044   0.03301         2       192    0.6267    0.4781    0.4892    0.1725   0.04699  0.007155  0.003483
   290/399     5.98G   0.02612  0.006257  0.001086   0.03347         2       192    0.6051    0.4833    0.4847    0.1674   0.04697   0.00717  0.003465
   291/399     5.98G   0.02594  0.006138  0.001035   0.03312         2       192    0.5601    0.5231    0.4862    0.1694   0.04715  0.007114  0.003492
   292/399     5.98G   0.02763  0.006153  0.001161   0.03495         2       192    0.5879    0.5134    0.4846    0.1681   0.04704  0.007172  0.003496
   293/399     5.98G   0.02795  0.006142  0.001333   0.03542         2       192    0.5887    0.5044    0.4896    0.1707   0.04713  0.007249  0.003564
   294/399     5.98G   0.02711  0.006173   0.00129   0.03457         2       192    0.5948    0.4838    0.4806    0.1653   0.04716  0.007395  0.003628
   295/399     5.98G   0.02684  0.006258  0.001189   0.03429         2       192    0.6136    0.4791    0.4794    0.1666   0.04715  0.007382  0.003664
   296/399     5.98G   0.02684  0.006194    0.0012   0.03424         2       192    0.5907    0.5116    0.4885    0.1734   0.04694   0.00736  0.003589
   297/399     5.98G   0.02614  0.006153  0.001085   0.03338         2       192    0.5995    0.5118    0.4969    0.1715   0.04685   0.00735  0.003573
   298/399     5.98G   0.02683  0.006008   0.00102   0.03385         2       192    0.6304    0.4946    0.4919     0.173   0.04691  0.007363  0.003557
   299/399     5.98G   0.02611  0.006153  0.001341    0.0336         2       192    0.6358    0.4912    0.4918    0.1731   0.04687  0.007373   0.00357
   300/399     5.98G   0.02624  0.006053  0.001046   0.03334         2       192    0.5945    0.5139    0.4923    0.1698    0.0468  0.007363  0.003523
   301/399     5.98G   0.02609  0.006068  0.001077   0.03323         2       192     0.628    0.4854    0.4862    0.1681     0.047  0.007336   0.00358
   302/399     5.98G   0.02576  0.005992  0.001103   0.03286         2       192    0.6123    0.5077    0.4935    0.1666     0.047  0.007372  0.003568
   303/399     5.98G   0.02546   0.00601 0.0009634   0.03243         2       192    0.6117    0.4912    0.4788    0.1649   0.04726  0.007383  0.003572
   304/399     5.98G   0.02659   0.00595  0.001126   0.03366         2       192    0.5987    0.5105    0.4831    0.1675   0.04736  0.007368  0.003572
   305/399     5.98G   0.02606  0.005946  0.001231   0.03324         2       192    0.6138    0.5012    0.4877    0.1687   0.04722  0.007403  0.003642
   306/399     5.98G   0.02555  0.005961  0.001267   0.03278         2       192    0.5951    0.5171    0.4918    0.1692   0.04709  0.007442  0.003656
   307/399     5.98G   0.02568  0.005912  0.001072   0.03266         2       192    0.5838    0.5277     0.492    0.1731   0.04694  0.007419   0.00363
   308/399     5.98G   0.02719  0.005774  0.001227   0.03419         2       192    0.5633    0.5274     0.482    0.1723   0.04701  0.007493  0.003655
   309/399     5.98G   0.02687  0.006038  0.001231   0.03414         2       192    0.5796    0.5204    0.4858    0.1719   0.04693   0.00756  0.003702
   310/399     5.98G   0.02649  0.005807  0.001341   0.03364         2       192    0.5763    0.5386    0.4937    0.1726   0.04706  0.007573  0.003681
   311/399     5.98G   0.02594  0.006052  0.001054   0.03305         2       192    0.5743    0.5449    0.4985    0.1793   0.04733  0.007568  0.003633
   312/399     5.98G   0.02686  0.005941  0.001163   0.03397         2       192    0.5978    0.5263    0.4927    0.1743   0.04703  0.007577  0.003661
   313/399     5.98G   0.02547  0.005754  0.001347   0.03257         2       192    0.6075    0.5081    0.4986    0.1769   0.04711  0.007566  0.003697
   314/399     5.98G   0.02496  0.005829  0.001146   0.03193         2       192    0.6224    0.4976    0.5013    0.1784   0.04686  0.007588  0.003652
   315/399     5.98G   0.02461  0.005742  0.001043    0.0314         2       192    0.6125    0.5105    0.4987     0.182   0.04701  0.007617   0.00369
   316/399     5.98G   0.02482  0.005812 0.0009713    0.0316         2       192    0.6101    0.4977    0.4944    0.1762   0.04692  0.007665  0.003631
   317/399     5.98G    0.0238  0.005715 0.0008731   0.03039         2       192    0.6172    0.5014    0.4975    0.1797   0.04689  0.007654  0.003641
   318/399     5.98G     0.025  0.005678  0.001086   0.03177         2       192    0.5965    0.5106    0.4957    0.1792   0.04678   0.00766  0.003627
   319/399     5.98G   0.02512  0.005842  0.001131   0.03209         2       192    0.5953    0.5213    0.4949    0.1805   0.04687  0.007649  0.003693
   320/399     5.98G   0.02595  0.005865  0.001218   0.03304         2       192     0.598    0.5185    0.4932    0.1791   0.04677  0.007646  0.003694
   321/399     5.98G   0.02367  0.005756 0.0008941   0.03032         2       192    0.6135    0.5049    0.4929    0.1769   0.04672  0.007601  0.003695
   322/399     5.98G   0.02383  0.005607  0.001084   0.03052         2       192    0.6023    0.5088    0.4939    0.1748   0.04668  0.007617  0.003692
   323/399     5.98G   0.02459  0.005596  0.001061   0.03125         2       192    0.6171    0.5108    0.5046    0.1788    0.0466  0.007649  0.003708
   324/399     5.98G   0.02658  0.005707  0.001053   0.03334         2       192    0.6249    0.4904     0.499    0.1786   0.04666  0.007685  0.003692
   325/399     5.98G   0.02448  0.005852  0.001234   0.03157         2       192    0.6243    0.4974    0.5053    0.1828   0.04665  0.007626  0.003667
   326/399     5.98G   0.02456  0.005719  0.001075   0.03136         2       192    0.5523    0.5602    0.5061    0.1788   0.04652  0.007612  0.003587
   327/399     5.98G   0.02579  0.005629  0.001102   0.03252         2       192    0.5333    0.5803    0.5088    0.1848   0.04659  0.007619  0.003629
   328/399     5.98G   0.02513  0.005598  0.001221   0.03195         2       192    0.5483     0.573    0.5122     0.185   0.04669  0.007612  0.003632
   329/399     5.98G   0.02347  0.005724   0.00111    0.0303         2       192    0.5388    0.5749    0.5126    0.1867   0.04667  0.007601  0.003601
   330/399     5.98G   0.02283  0.005513 0.0009784   0.02932         2       192    0.5968    0.5297    0.5151    0.1854   0.04656  0.007615  0.003577
   331/399     5.98G   0.02213   0.00545 0.0008023   0.02838         2       192      0.61    0.5308    0.5204    0.1888   0.04649  0.007603  0.003566
   332/399     5.98G   0.02262  0.005431 0.0009114   0.02897         2       192    0.5858    0.5482    0.5151    0.1871   0.04646  0.007614  0.003566
   333/399     5.98G   0.02251   0.00543 0.0009196   0.02886         2       192    0.6081    0.5352     0.518    0.1897   0.04643  0.007653  0.003557
   334/399     5.98G   0.02482  0.005395 0.0009031   0.03111         2       192    0.6168    0.5128    0.5148    0.1888   0.04632    0.0077  0.003554
   335/399     5.98G   0.02339  0.005625 0.0009838   0.02999         2       192    0.6582    0.4802    0.5104    0.1868    0.0464  0.007702  0.003568
   336/399     5.98G   0.02349  0.005465  0.000972   0.02992         2       192    0.6511    0.4852    0.5068    0.1837   0.04651  0.007737  0.003557
   337/399     5.98G   0.02327  0.005468 0.0009965   0.02974         2       192    0.6105     0.511    0.5072    0.1832   0.04656  0.007713  0.003556
   338/399     5.98G   0.02414  0.005541  0.001055   0.03074         2       192    0.6386    0.5091    0.5122     0.184   0.04667  0.007742  0.003535
   339/399     5.98G   0.02309  0.005524  0.001114   0.02973         2       192    0.6604    0.4913    0.5099    0.1845   0.04663  0.007715  0.003572
   340/399     5.98G   0.02386  0.005468  0.001042   0.03037         2       192    0.6498    0.5058    0.5148    0.1831   0.04665  0.007741  0.003558
   341/399     5.98G   0.02405  0.005509  0.001091   0.03066         2       192    0.6152    0.5276    0.5087    0.1826   0.04666  0.007731  0.003589
   342/399     5.98G   0.02534  0.005504  0.001185   0.03203         2       192    0.6141    0.5276    0.5058    0.1786   0.04674  0.007766  0.003616
   343/399     5.98G    0.0242    0.0054  0.001139   0.03074         2       192    0.6034    0.5442    0.5073    0.1793   0.04677  0.007757  0.003681
   344/399     5.98G   0.02366  0.005381  0.001051   0.03009         2       192    0.5943    0.5419    0.5098    0.1773   0.04682    0.0078  0.003681
   345/399     5.98G   0.02295  0.005438 0.0009653   0.02935         2       192    0.5965    0.5475    0.5159     0.182   0.04682  0.007782  0.003673
   346/399     5.98G   0.02409  0.005446  0.001016   0.03055         2       192    0.6267     0.535    0.5185    0.1805   0.04688  0.007786  0.003694
   347/399     5.98G   0.02376  0.005482  0.001012   0.03025         2       192    0.6028    0.5403    0.5157    0.1834   0.04684  0.007801  0.003689
   348/399     5.98G    0.0237  0.005326  0.001065   0.03009         2       192    0.6864     0.503    0.5214    0.1817   0.04691  0.007846  0.003695
   349/399     5.98G   0.02389  0.005441  0.001093   0.03042         2       192    0.6641    0.5146    0.5203    0.1818    0.0469  0.007827  0.003702
   350/399     5.98G   0.02389  0.005345  0.001007   0.03024         2       192    0.7001    0.4956    0.5246    0.1834   0.04673  0.007854  0.003701
   351/399     5.98G    0.0227  0.005437 0.0009064   0.02904         2       192    0.6739     0.503    0.5191    0.1823   0.04684  0.007871  0.003708
   352/399     5.98G   0.02409  0.005263  0.001002   0.03036         2       192    0.6922    0.4972    0.5249    0.1835   0.04679  0.007871  0.003707
   353/399     5.98G   0.02375  0.005296 0.0009361   0.02998         2       192    0.6476    0.5202    0.5198    0.1833    0.0469  0.007905  0.003719
   354/399     5.98G   0.02332  0.005247 0.0008659   0.02943         2       192    0.6626     0.507    0.5196    0.1823   0.04678  0.007906  0.003731
   355/399     5.98G   0.02315   0.00526   0.00092   0.02933         2       192    0.6752    0.4975    0.5164    0.1808   0.04681   0.00795  0.003738
   356/399     5.98G   0.02413  0.005344  0.001009   0.03048         2       192    0.6054    0.5479    0.5186    0.1839   0.04683   0.00796  0.003761
   357/399     5.98G   0.02333   0.00553  0.001117   0.02997         2       192    0.6084    0.5478    0.5202    0.1825   0.04675  0.007964  0.003741
   358/399     5.98G    0.0238  0.005366  0.001027   0.03019         2       192    0.6428    0.5276    0.5235     0.185   0.04664   0.00798  0.003738
   359/399     5.98G   0.02305  0.005389 0.0009171   0.02935         2       192    0.6343    0.5352    0.5246    0.1825   0.04663  0.007982  0.003737
   360/399     5.98G   0.02351  0.005314 0.0009993   0.02982         2       192    0.6245    0.5463    0.5273     0.184   0.04662   0.00797  0.003748
   361/399     5.98G    0.0239  0.005289  0.001137   0.03033         2       192    0.6677    0.5148    0.5223    0.1835   0.04675  0.007979   0.00374
   362/399     5.98G   0.02455  0.005398  0.001216   0.03116         2       192    0.6454    0.5294    0.5218    0.1828   0.04679   0.00795  0.003749
   363/399     5.98G   0.02317  0.005313 0.0009376   0.02942         2       192    0.6531    0.5143      0.52     0.182   0.04693  0.007963  0.003735
   364/399     5.98G   0.02217  0.005188 0.0009791   0.02834         2       192     0.644    0.5202    0.5204    0.1837    0.0469  0.007937  0.003711
   365/399     5.98G   0.02182  0.005167 0.0009366   0.02792         2       192    0.6643    0.5034    0.5163    0.1822   0.04688  0.007946  0.003709
   366/399     5.98G   0.02325  0.005146 0.0009705   0.02936         2       192    0.6327    0.5289    0.5194    0.1827   0.04685  0.007962  0.003689
   367/399     5.98G   0.02182  0.005112 0.0008805   0.02781         2       192    0.6331    0.5222    0.5141    0.1851    0.0468  0.007975    0.0037
   368/399     5.98G   0.02272   0.00504 0.0009843   0.02874         2       192    0.6526    0.5108    0.5159    0.1864   0.04685  0.008006  0.003719
   369/399     5.98G   0.02151  0.005176 0.0009977   0.02768         2       192    0.6277    0.5248    0.5127    0.1833   0.04681   0.00804  0.003748
   370/399     5.98G   0.02304  0.005131 0.0009889   0.02916         2       192    0.6256    0.5262    0.5177    0.1855   0.04676  0.008057  0.003742
   371/399     5.98G   0.02247  0.005212   0.00101   0.02869         2       192    0.6058    0.5408     0.517    0.1851   0.04675  0.008069  0.003769
   372/399     5.98G   0.02146  0.005113   0.00103    0.0276         2       192    0.6142    0.5374    0.5236    0.1866   0.04675  0.008055  0.003763
   373/399     5.98G   0.02183   0.00511  0.001023   0.02796         2       192    0.6074    0.5352    0.5152    0.1847   0.04678  0.008055  0.003765
   374/399     5.98G    0.0225  0.005025  0.001001   0.02853         2       192    0.6213    0.5292    0.5195    0.1841   0.04679  0.008089  0.003759
   375/399     5.98G   0.02114  0.005085  0.001012   0.02723         2       192    0.6035    0.5354    0.5171    0.1847   0.04679  0.008106  0.003758
   376/399     5.98G   0.02272  0.005076 0.0009408   0.02874         2       192    0.5759    0.5652    0.5159    0.1853   0.04676  0.008102   0.00375
   377/399     5.98G   0.02175  0.005149 0.0009159   0.02781         2       192    0.5793    0.5639    0.5157    0.1836    0.0468  0.008129   0.00375
   378/399     5.98G    0.0226  0.005059 0.0009716   0.02863         2       192    0.5728    0.5712    0.5156    0.1825   0.04677  0.008134  0.003754
   379/399     5.98G   0.02176  0.004922 0.0009717   0.02766         2       192    0.5705    0.5677    0.5097    0.1829   0.04673  0.008156  0.003776
   380/399     5.98G   0.02242  0.005056 0.0009997   0.02848         2       192    0.5601     0.582    0.5139    0.1816   0.04672  0.008167  0.003789
   381/399     5.98G   0.02214  0.005092 0.0009403   0.02818         2       192     0.569    0.5694    0.5089    0.1816   0.04673  0.008195  0.003823
   382/399     5.98G   0.02196  0.004981  0.001035   0.02797         2       192    0.5625    0.5674    0.5116    0.1837   0.04678  0.008192  0.003822
   383/399     5.98G   0.02093  0.004935  0.000848   0.02671         2       192    0.6104    0.5219    0.5064    0.1816   0.04681  0.008192  0.003813
   384/399     5.98G   0.02143  0.004989 0.0009334   0.02735         2       192    0.5644    0.5601    0.5063    0.1824   0.04682  0.008196  0.003804
   385/399     5.98G   0.02157  0.004979  0.001125   0.02768         2       192    0.6032    0.5304    0.5094    0.1811   0.04677  0.008191  0.003812
   386/399     5.98G   0.02134  0.004912 0.0009797   0.02724         2       192     0.568    0.5613    0.5025    0.1808   0.04685  0.008188  0.003787
   387/399     5.98G   0.02075  0.004928  0.001017    0.0267         2       192    0.5951    0.5467    0.5025    0.1807   0.04691  0.008196  0.003801
   388/399     5.98G   0.02281   0.00493  0.001192   0.02893         2       192     0.573    0.5679    0.5112    0.1816   0.04695  0.008202  0.003798
   389/399     5.98G    0.0218  0.005038 0.0009741   0.02781         2       192    0.6013    0.5445     0.507    0.1811   0.04696  0.008192    0.0038
   390/399     5.98G   0.02114  0.004902  0.000855   0.02689         2       192    0.5655    0.5772    0.5067    0.1828   0.04695  0.008197  0.003795
   391/399     5.98G   0.02141  0.004951 0.0008969   0.02726         2       192    0.6109    0.5392    0.5112    0.1826   0.04696  0.008205  0.003812
   392/399     5.98G   0.02291  0.004972  0.001166   0.02905         2       192    0.5885    0.5565    0.5122    0.1828   0.04694  0.008222  0.003831
   393/399     5.98G   0.02181  0.005033  0.001067   0.02791         2       192    0.5992     0.547    0.5112    0.1811   0.04694  0.008233   0.00385
   394/399     5.98G   0.02298  0.005032 0.0009893   0.02901         2       192    0.6053    0.5488    0.5183    0.1839   0.04693  0.008231  0.003858
   395/399     5.98G   0.02201  0.004959  0.001011   0.02798         2       192    0.6066    0.5394    0.5179    0.1832   0.04698  0.008251  0.003864
   396/399     5.98G   0.02108  0.004922 0.0009869   0.02699         2       192    0.5616    0.5803    0.5189    0.1835   0.04695  0.008242   0.00386
   397/399     5.98G   0.02066  0.004758  0.001061   0.02648         2       192    0.6262    0.5218     0.519    0.1857   0.04697  0.008276  0.003886
   398/399     5.98G   0.02047  0.004815 0.0008718   0.02616         2       192    0.5862    0.5546    0.5155    0.1837   0.04697  0.008298   0.00391
   399/399     5.98G   0.02103  0.004797 0.0009729    0.0268         2       192    0.5911    0.5562    0.5162    0.1836   0.04698  0.008306  0.003933
