     0/399     7.86G    0.1035   0.02292   0.02573    0.1521        15       480 0.0003212    0.1101 9.632e-05 1.333e-05    0.0933   0.01836   0.02303
     1/399     9.66G   0.09414    0.0184   0.02223    0.1348        15       480 0.0004107   0.08631 0.0001435 2.093e-05   0.09095   0.01594   0.02056
     2/399     9.66G    0.0946    0.0165   0.02119    0.1323        15       480 0.0004412   0.08631 0.0001618 2.035e-05   0.09047   0.01467   0.01893
     3/399     9.67G   0.09307   0.01565   0.01958    0.1283        15       480  0.003324    0.1536 0.0003311 0.0001187   0.08976   0.01401   0.01752
     4/399     9.67G   0.09253   0.01519   0.01855    0.1263        15       480   0.01208   0.06186    0.0021 0.0003758   0.08875   0.01367     0.016
     5/399     9.67G   0.09062   0.01477   0.01716    0.1225        15       480   0.01507   0.01667 0.0008094 0.0005992   0.08911   0.01323   0.01526
     6/399     9.67G   0.09167    0.0146   0.01711    0.1234        15       480    0.0053   0.01964 0.0004428 5.737e-05   0.08945   0.01293    0.0134
     7/399     9.67G   0.09146   0.01438   0.01883    0.1247        15       480  0.002044   0.03452 0.0003955 8.474e-05   0.08975   0.01277   0.01357
     8/399     9.67G   0.08906   0.01448   0.01643      0.12        15       480  0.003182    0.1685 0.0006356 0.0001207   0.08702   0.01294   0.01292
     9/399     9.67G   0.09109   0.01453   0.01619    0.1218        15       480  0.002482   0.07798 0.0005696 0.0001237   0.08875   0.01287   0.01479
    10/399     9.67G   0.08783   0.01453   0.01456    0.1169        15       480  0.002419    0.2452 0.0008005 0.0001168   0.09284   0.01189   0.01255
    11/399     9.67G   0.08889    0.0147   0.01406    0.1176        15       480   0.01681   0.01667  0.001473   0.00054   0.09011   0.01206   0.01632
    12/399     9.67G   0.08672   0.01453    0.0103    0.1115        15       480   0.01106   0.07798  0.002479   0.00041   0.08667   0.01256   0.00752
    13/399     9.67G   0.08428   0.01495  0.008308    0.1075        15       480  0.003147    0.2226  0.001134 0.0002091   0.09319   0.01181   0.01029
    14/399     9.67G    0.0843   0.01497  0.006969    0.1062        15       480   0.03592   0.05357  0.008738   0.00173   0.08765   0.01181   0.01749
    15/399     9.67G   0.08414   0.01468  0.006528    0.1054        15       480  0.006443   0.05655  0.001388 0.0002138    0.1014  0.009481   0.05143
    16/399     9.67G   0.08087   0.01494  0.005788    0.1016        15       480    0.5104   0.05952  0.003981 0.0006418   0.08409   0.01229  0.009764
    17/399     9.67G   0.08317   0.01462  0.005699    0.1035        15       480   0.01625   0.03571  0.003278 0.0005475   0.09132     0.011   0.03711
    18/399     9.67G   0.08202   0.01467  0.005367    0.1021        15       480   0.04967    0.2042   0.01272  0.002351   0.08698   0.01165  0.006546
    19/399     9.67G   0.07946   0.01466  0.005245   0.09936        15       480    0.5835   0.04167   0.01998  0.004416   0.08111    0.0123   0.00472
    20/399     9.67G   0.08225   0.01459  0.006488    0.1033        15       480    0.5045    0.0625  0.002338 0.0003175   0.08726   0.01139  0.006581
    21/399     9.67G   0.07925   0.01488  0.004933   0.09907        15       480   0.01624     0.347   0.01222  0.001598   0.09242   0.01057   0.01507
    22/399     9.67G    0.0795   0.01467  0.003909   0.09808        15       480     0.543   0.04167   0.01634  0.003244     0.086   0.01148  0.004972
    23/399     9.67G   0.08107   0.01448  0.005981    0.1015        15       480   0.04095    0.0523   0.01224  0.002874   0.08026   0.01223   0.01762
    24/399     9.67G   0.07607   0.01479  0.004757   0.09562        15       480   0.02967    0.1833  0.004066 0.0007301   0.08433   0.01107   0.02352
    25/399     9.67G   0.07758   0.01449  0.005294   0.09736        15       480   0.02116    0.2238  0.006254 0.0009317   0.08425   0.01169  0.008646
    26/399     9.67G   0.07642   0.01422  0.004525   0.09517        15       480    0.1282     0.297   0.04694   0.01423   0.07606   0.01229  0.008618
    27/399     9.67G   0.07606   0.01433  0.003693   0.09408        15       480    0.5353   0.06845   0.03579  0.005031   0.07551   0.01217   0.01053
    28/399     9.67G    0.0756   0.01449  0.004246   0.09434        15       480    0.5795   0.08333   0.07625   0.01511    0.0744   0.01225  0.006407
    29/399     9.67G   0.07495   0.01425  0.004362   0.09356        15       480    0.5504   0.04167   0.01155  0.002139   0.07929    0.0126  0.008561
    30/399     9.67G   0.07202   0.01431  0.004725   0.09106        15       480    0.0689    0.2673   0.02548  0.005045   0.07873   0.01171  0.004151
    31/399     9.67G   0.07224   0.01432  0.004381   0.09094        15       480    0.5602   0.03571   0.01694  0.002852   0.07737   0.01208  0.003708
    32/399     9.67G   0.07123   0.01462  0.002958    0.0888        15       480    0.5861   0.08929   0.04933   0.01123   0.07591   0.01153  0.006927
    33/399     9.67G   0.07178   0.01412  0.003394    0.0893        15       480    0.6234   0.08036   0.05182   0.01064   0.07493   0.01204  0.004675
    34/399     9.67G   0.07217   0.01454  0.003411   0.09012        15       480    0.5777    0.1042   0.04985   0.01195   0.07488   0.01175  0.008566
    35/399     9.67G   0.06942    0.0144  0.003209   0.08703        15       480    0.1321   0.08731   0.06129   0.01469    0.0743   0.01204   0.00887
    36/399     9.67G   0.06853    0.0144   0.00294   0.08587        15       480    0.1907   0.09286   0.04572  0.009224    0.0751    0.0115  0.004746
    37/399     9.67G   0.06987   0.01421   0.00242    0.0865        15       480    0.6266     0.119   0.08161   0.01849    0.0707   0.01176  0.003676
    38/399     9.67G   0.06965   0.01379  0.003361   0.08681        15       480    0.5851    0.1429   0.05947   0.01288   0.07097    0.0116  0.004216
    39/399     9.67G   0.06709   0.01417  0.002636    0.0839        15       480    0.6065    0.1039   0.08139   0.02385   0.07549   0.01175  0.004762
    40/399     9.67G    0.0691   0.01362  0.003172   0.08589        15       480    0.6501   0.07738   0.05347   0.01228   0.07406   0.01133  0.006143
    41/399     9.67G   0.07086   0.01357  0.005154   0.08958        15       480     0.137    0.0506   0.04928   0.01588   0.08046    0.0112  0.008064
    42/399     9.67G   0.06759   0.01365  0.003054   0.08429        15       480    0.6392   0.09821   0.06048   0.01255   0.07566   0.01097   0.02849
    43/399     9.67G   0.06735   0.01374  0.002672   0.08377        15       480    0.5982   0.05357   0.03808    0.0116   0.07606    0.0116   0.02209
    44/399     9.67G   0.06705   0.01378  0.002165   0.08299        15       480    0.8088   0.09821    0.1095   0.02869   0.07177   0.01098  0.008658
    45/399     9.67G    0.0657   0.01361  0.003149   0.08246        15       480    0.6772    0.1458    0.1128   0.03005   0.06897    0.0115    0.0063
    46/399     9.67G   0.06367   0.01352  0.002181   0.07936        15       480   0.08912    0.1238   0.02504  0.004675   0.08185   0.01146  0.005617
    47/399     9.67G   0.06618   0.01342  0.001996   0.08159        15       480    0.2421    0.1458    0.1037   0.02132   0.06979   0.01115  0.004603
    48/399     9.67G   0.06301   0.01333  0.001909   0.07826        15       480    0.6574    0.2321    0.1582   0.03921   0.06308   0.01113  0.004649
    49/399     9.67G   0.06293    0.0131  0.002163   0.07819        15       480    0.7372    0.1719    0.1577   0.04184   0.06463   0.01115  0.004207
    50/399     9.67G   0.06535   0.01346  0.003313   0.08212        15       480    0.6982    0.1161     0.107   0.02851   0.06989    0.0114  0.004099
    51/399     9.67G   0.06225   0.01324   0.00179   0.07728        15       480    0.1222    0.2619   0.06527   0.01726   0.07883    0.0118  0.004481
    52/399     9.67G   0.06226    0.0134  0.002572   0.07823        15       480    0.2104     0.372     0.156   0.03201   0.06751   0.01093  0.005358
    53/399     9.67G   0.06465   0.01288  0.001666    0.0792        15       480    0.7115    0.1637    0.1293   0.03234   0.06616   0.01051  0.004795
    54/399     9.67G    0.0627   0.01301  0.002233   0.07795        15       480     0.759    0.2381    0.2237    0.0537   0.06271   0.01073  0.004033
    55/399     9.67G   0.05926    0.0128  0.001687   0.07375        15       480    0.7625    0.2401    0.2192   0.06081    0.0629    0.0108  0.004665
    56/399     9.67G   0.06188   0.01243  0.001585   0.07589        15       480    0.7188    0.2649    0.2299   0.07605   0.06334   0.01018   0.00472
    57/399     9.67G   0.06381   0.01258  0.001681   0.07807        15       480    0.7357    0.2496    0.2072   0.06776    0.0645   0.01028  0.005607
    58/399     9.67G   0.06207   0.01273  0.001751   0.07655        15       480    0.7424    0.1457    0.1629   0.03772   0.06702    0.0109  0.004231
    59/399     9.67G   0.06176   0.01283  0.003383   0.07797        15       480    0.8551    0.1845    0.2303   0.07169   0.06101   0.01055  0.003713
    60/399     9.67G   0.06099   0.01244   0.00142   0.07486        15       480    0.7257    0.1935    0.1866    0.0491   0.06682   0.01086  0.005022
    61/399     9.67G   0.05865   0.01224  0.001769   0.07266        15       480    0.7116    0.1994    0.1817   0.04775   0.06478    0.0105  0.003719
    62/399     9.67G   0.05831   0.01219  0.001456   0.07195        15       480    0.7908     0.244    0.2465   0.08493   0.05944  0.009785   0.00378
    63/399     9.67G   0.05742   0.01188  0.001628   0.07092        15       480    0.8402    0.2915    0.2942   0.09906   0.05795  0.009803   0.00378
    64/399     9.67G    0.0569   0.01183   0.00162   0.07035        15       480    0.8344    0.2644    0.3226    0.1003    0.0588      0.01  0.004327
    65/399     9.67G   0.05627     0.012  0.001822   0.07009        15       480    0.8739    0.2559    0.2889   0.09401   0.06018  0.009835  0.004512
    66/399     9.67G   0.05589   0.01164  0.001506   0.06904        15       480    0.8344     0.247    0.3026    0.1049   0.05558  0.009874  0.003765
    67/399     9.67G   0.05658   0.01166  0.001678   0.06991        15       480    0.8171    0.2381    0.2448   0.07855   0.06017   0.00966  0.006634
    68/399     9.67G   0.05542   0.01165  0.002553   0.06963        15       480    0.8545    0.2321    0.3214    0.1046    0.0573  0.009722  0.004091
    69/399     9.67G   0.05528    0.0115  0.001674   0.06845        15       480    0.8884    0.2708    0.3106   0.09834   0.05635  0.009505  0.003934
    70/399     9.67G   0.05668   0.01162  0.001519   0.06982        15       480    0.9125     0.253    0.3204    0.1171   0.05691  0.009587  0.004221
    71/399     9.67G   0.05331   0.01132  0.001354   0.06599        15       480    0.5264    0.3351    0.3151   0.09643   0.05723  0.009303  0.004457
    72/399     9.67G   0.05415   0.01147  0.001572   0.06719        15       480    0.8098    0.2229    0.2639   0.09392   0.05712  0.009928  0.004027
    73/399     9.67G   0.05405   0.01153  0.001618   0.06719        15       480    0.6926    0.2815    0.2808     0.093   0.05998   0.00953  0.004331
    74/399     9.67G   0.05431   0.01126   0.00182   0.06739        15       480    0.7659    0.2667    0.2724   0.09797   0.06082  0.009718  0.003826
    75/399     9.67G    0.0549   0.01094   0.00142   0.06726        15       480    0.8562    0.2589    0.3151   0.09423   0.05671  0.009065  0.003922
    76/399     9.67G   0.05618   0.01109  0.001199   0.06847        15       480    0.8244    0.3143    0.3401    0.1031   0.05645  0.009029   0.00434
    77/399     9.67G   0.05375   0.01102  0.001475   0.06625        15       480    0.8711    0.2827     0.316    0.0942   0.05792  0.009258  0.003912
    78/399     9.67G   0.05323   0.01112  0.001624   0.06597        15       480    0.7866    0.2143    0.2222    0.0737   0.06824  0.009827  0.004829
    79/399     9.67G   0.05219   0.01107  0.002121   0.06538        15       480    0.8984    0.2917    0.3486    0.1201    0.0553  0.008857  0.004445
    80/399     9.67G   0.05063   0.01091  0.001415   0.06295        15       480    0.6853    0.3351    0.3804    0.1224   0.05497  0.008747  0.004334
    81/399     9.67G   0.05242    0.0108   0.00143   0.06466        15       480    0.4307    0.3095    0.3116    0.1031   0.05644  0.009135  0.004085
    82/399     9.67G   0.05225   0.01073  0.001275   0.06425        15       480    0.9075    0.2886    0.3639    0.1403   0.05303  0.008658  0.004701
    83/399     9.67G   0.05199   0.01061  0.001391   0.06399        15       480    0.5539    0.3321    0.3441    0.1343   0.05543  0.009133  0.004552
    84/399     9.67G   0.05098    0.0109  0.001364   0.06324        15       480    0.9268    0.2827     0.342    0.1296    0.0551  0.008737  0.004686
    85/399     9.67G   0.05051   0.01044  0.001793   0.06274        15       480    0.7608    0.3552    0.3902    0.1348   0.05243  0.008762  0.004057
    86/399     9.67G   0.05027   0.01058  0.000956   0.06181        15       480    0.3092    0.5006    0.3729    0.1339   0.05365  0.008586  0.004382
    87/399     9.67G   0.04973   0.01029  0.001078   0.06109        15       480    0.5726    0.3649    0.3675     0.127   0.05243  0.008704   0.00409
    88/399     9.67G   0.05107   0.01056  0.001157   0.06279        15       480    0.3988    0.3994    0.3875    0.1405   0.05388  0.009019  0.004285
    89/399     9.67G   0.05128   0.01054  0.001901   0.06372        15       480    0.8635    0.2854    0.3434    0.1448   0.05329  0.009086  0.003405
    90/399     9.67G    0.0493   0.01054  0.001697   0.06154        15       480    0.8312    0.2917    0.3233    0.1124   0.05605  0.008735  0.004022
    91/399     9.67G   0.05113   0.01064  0.001817   0.06358        15       480    0.9298    0.2733    0.3895    0.1279   0.05439  0.009153   0.00401
    92/399     9.67G   0.05071   0.01056   0.00156   0.06283        15       480    0.4363    0.4422    0.4055    0.1448   0.05289   0.00877  0.004765
    93/399     9.67G   0.04873   0.01052  0.001061   0.06032        15       480     0.603    0.3381    0.3578    0.1311   0.05315   0.00874  0.004424
    94/399     9.67G   0.05033   0.01043  0.001328   0.06209        15       480    0.9072    0.3042    0.3729    0.1392   0.05458  0.008812  0.004028
    95/399     9.67G   0.04826   0.01034  0.001312   0.05991        15       480    0.5803    0.3767    0.3816    0.1522   0.05137  0.008668  0.004367
    96/399     9.67G   0.04915   0.01022  0.001457   0.06083        15       480    0.6015    0.4054    0.3872    0.1391   0.05363  0.008697  0.004411
    97/399     9.67G   0.04815  0.009977  0.001396   0.05953        15       480    0.9036    0.3244    0.3749    0.1521   0.05175  0.008508  0.003793
    98/399     9.67G   0.04764  0.009773  0.001065   0.05848        15       480    0.3492    0.4071    0.3605    0.1525    0.0521  0.008805  0.003821
    99/399     9.67G   0.04738    0.0101  0.001309   0.05879        15       480    0.7905    0.3738     0.405    0.1468    0.0528  0.008515  0.004304
   100/399     9.67G   0.04888  0.009968  0.001181   0.06003        15       480    0.9354    0.3214    0.3891    0.1592   0.05199  0.008398   0.00408
   101/399     9.67G   0.04865      0.01  0.001228   0.05988        15       480     0.932    0.2649    0.3656    0.1315   0.05368  0.008745  0.003984
   102/399     9.67G   0.04764   0.01004  0.001112   0.05879        15       480     0.936    0.3244    0.4035    0.1768   0.04997  0.008534  0.003769
   103/399     9.67G   0.04602  0.009794  0.001085    0.0569        15       480    0.9291    0.3242    0.3899    0.1567   0.05056  0.008453  0.003602
   104/399     9.67G   0.04799  0.009872  0.001187   0.05905        15       480    0.6024    0.4113    0.3978    0.1529   0.05103  0.008523  0.004037
   105/399     9.67G    0.0465   0.01005  0.001547    0.0581        15       480    0.4149    0.3773    0.4211    0.1713   0.05061  0.008243  0.003416
   106/399     9.67G   0.04856   0.01002  0.001382   0.05996        15       480    0.5924     0.394    0.4231    0.1834   0.05024  0.008339  0.003521
   107/399     9.67G   0.04561   0.01001  0.001452   0.05707        15       480    0.5762    0.3963    0.4528    0.1772   0.05076  0.008016  0.004326
   108/399     9.67G   0.04858  0.009951  0.001879   0.06041        15       480    0.5664    0.3643     0.381    0.1512   0.05189   0.00849  0.004544
   109/399     9.67G   0.04764   0.01002  0.001177   0.05883        15       480    0.9104    0.3272    0.4116    0.1711   0.05126  0.008261  0.004612
   110/399     9.67G   0.04787  0.009898  0.001521   0.05929        15       480    0.8222    0.4231    0.4133    0.1692   0.05266  0.008335  0.004735
   111/399     9.67G   0.04603  0.009936  0.001035     0.057        15       480     0.413     0.374     0.395     0.169   0.05233  0.008098  0.004565
   112/399     9.67G   0.04686  0.009679  0.001313   0.05785        15       480    0.5842    0.3678     0.395    0.1666   0.05131  0.008238  0.003873
   113/399     9.67G   0.04614  0.009687  0.001528   0.05735        15       480    0.5618    0.3351    0.4008     0.163   0.05017  0.008102  0.003731
   114/399     9.67G   0.04504  0.009703  0.001206   0.05595        15       480    0.4729    0.3707    0.4119     0.182   0.04873   0.00813   0.00355
   115/399     9.67G   0.04668  0.009685  0.001386   0.05775        15       480    0.4136    0.3976    0.4167     0.171   0.05047  0.008342  0.003939
   116/399     9.67G   0.04496  0.009962   0.00108     0.056        15       480    0.4928    0.3815    0.3942    0.1592     0.052  0.008304  0.003879
   117/399     9.67G   0.04535  0.009636   0.00172    0.0567        15       480    0.3555    0.4839    0.3885    0.1519   0.05245  0.008858  0.003606
   118/399     9.67G   0.04674  0.009651  0.001983   0.05838        15       480    0.6771    0.3964    0.4312    0.1867   0.04991  0.008339  0.003611
   119/399     9.67G   0.04369  0.009365  0.001325   0.05438        15       480     0.422    0.3393    0.4233    0.1703   0.04867  0.008459  0.003584
   120/399     9.67G     0.045  0.009543  0.001644   0.05619        15       480    0.9235    0.3935     0.441     0.202   0.04804  0.007955   0.00367
   121/399     9.67G   0.04399  0.009492  0.001489   0.05497        15       480    0.4429    0.4958    0.4427    0.1878   0.04803  0.008241  0.003161
   122/399     9.67G   0.04467  0.009563  0.001405   0.05564        15       480    0.5717    0.3964    0.4103    0.1741   0.04886  0.008274   0.00303
   123/399     9.67G   0.04542  0.009522  0.001635   0.05658        15       480    0.3738    0.5244    0.4423    0.1846   0.04882  0.008147  0.003365
   124/399     9.67G   0.04418  0.009465  0.001355     0.055        15       480    0.5687    0.4847    0.4351    0.1687   0.04969  0.008491  0.003367
   125/399     9.67G   0.04444  0.009443 0.0009829   0.05486        15       480    0.9124    0.3363    0.4191    0.1703   0.04977  0.008098   0.00352
   126/399     9.67G   0.04505  0.009604 0.0009469    0.0556        15       480    0.5272    0.4054     0.413    0.1662   0.04997  0.008047  0.003595
   127/399     9.67G   0.04301  0.009531  0.001212   0.05375        15       480    0.9317    0.3393    0.4191    0.1734   0.04968  0.007924  0.003926
   128/399     9.67G   0.04237  0.009472  0.001271   0.05311        15       480    0.6304    0.3548    0.3812    0.1611   0.05146    0.0084  0.004448
   129/399     9.67G   0.04266   0.00946  0.000976    0.0531        15       480    0.3964     0.434    0.4343    0.1777   0.04915  0.007967  0.003771
   130/399     9.67G   0.04262  0.009302  0.001196   0.05312        15       480    0.8504    0.3619    0.4058    0.1603   0.05069  0.008224  0.003426
   131/399     9.67G   0.04418  0.009231  0.000932   0.05434        15       480    0.5528    0.3768    0.4296    0.1771   0.04802  0.008103  0.003576
   132/399     9.67G   0.04361   0.00925  0.001213   0.05407        15       480    0.6231    0.3535    0.3909    0.1547   0.05019  0.008403  0.003857
   133/399     9.67G   0.04341  0.009417  0.001126   0.05395        15       480    0.3962    0.4506    0.4232    0.1697    0.0492  0.008238   0.00415
   134/399     9.67G   0.04311  0.008998 0.0009917    0.0531        15       480    0.6364     0.455     0.474    0.1784   0.04966  0.008087   0.00381
   135/399     9.67G   0.04254  0.009218  0.001067   0.05282        15       480    0.5985    0.4427    0.4382     0.168   0.04914  0.008404  0.003524
   136/399     9.67G   0.04198  0.009223 0.0008754   0.05208        15       480    0.4703    0.4607    0.4409    0.1808   0.04818  0.007996  0.003861
   137/399     9.67G    0.0418  0.009137  0.001358   0.05229        15       480    0.6453    0.3916    0.4372    0.1869   0.04706  0.007828  0.003971
   138/399     9.67G   0.04229   0.00913  0.001132   0.05255        15       480     0.542    0.4069    0.4167    0.1656   0.04982  0.008288  0.003447
   139/399     9.67G   0.04194  0.009011   0.00106   0.05201        15       480    0.5439    0.4035    0.4318    0.1753   0.04905  0.008118  0.003796
   140/399     9.67G   0.04226  0.008894   0.00089   0.05205        15       480    0.5934    0.4506    0.4421    0.1828   0.04862  0.007987  0.003689
   141/399     9.67G   0.04374  0.008987  0.001224   0.05395        15       480    0.3259    0.5432    0.4505    0.1877   0.04785  0.008085  0.003499
   142/399     9.67G   0.04203  0.008979  0.001152   0.05216        15       480    0.6216    0.3754    0.3989    0.1617    0.0499  0.008511  0.003761
   143/399     9.67G    0.0419  0.009111  0.001039   0.05205        15       480    0.4746    0.5207    0.4488    0.1925   0.04782   0.00803  0.004269
   144/399     9.67G   0.04287  0.008939  0.001084   0.05289        15       480    0.7671    0.4232    0.4616    0.2012   0.04667  0.008091  0.004072
   145/399     9.67G   0.04125  0.009067  0.001084    0.0514        15       480    0.8635      0.42    0.4823    0.1919   0.04813  0.007918  0.003812
   146/399     9.67G   0.04225  0.008936  0.001236   0.05242        15       480     0.465    0.4247    0.4035    0.1862   0.04811   0.00795  0.003677
   147/399     9.67G   0.03972  0.008597  0.001334   0.04965        15       480    0.4971    0.4577    0.4495    0.1857    0.0488  0.007873   0.00357
   148/399     9.67G   0.04151  0.008949  0.001045    0.0515        15       480    0.5439    0.4577    0.4469    0.1876   0.04771  0.007751  0.003441
   149/399     9.67G   0.04039  0.008935  0.001053   0.05038        15       480    0.4585      0.45    0.4494    0.1903   0.04711   0.00796  0.003934
   150/399     9.67G   0.04033  0.008812  0.001113   0.05026        15       480    0.8633    0.3756    0.4116    0.1698   0.04997  0.008361  0.004645
   151/399     9.67G   0.04155  0.008976  0.001063   0.05159        15       480    0.4909    0.5048    0.4547    0.1892   0.04789  0.008045  0.008549
   152/399     9.67G   0.04175  0.008788  0.001458     0.052        15       480    0.5426    0.4518    0.4391    0.1815    0.0496  0.007894  0.005952
   153/399     9.67G   0.04166   0.00879  0.001053   0.05151        15       480    0.5868    0.4714    0.4694    0.1882   0.04773  0.008098  0.004608
   154/399     9.67G   0.04213  0.008762  0.001205   0.05209        15       480     0.578    0.4171    0.4507    0.1928   0.04852  0.007911  0.004287
   155/399     9.67G   0.04019  0.008801  0.001168   0.05016        15       480    0.4451    0.4833     0.454    0.1788    0.0482  0.008071  0.004262
   156/399     9.67G   0.04285  0.008813  0.001384   0.05305        15       480    0.4665    0.4792    0.4285    0.1777   0.04885  0.007999  0.004128
   157/399     9.67G    0.0424  0.008773  0.001232   0.05241        15       480    0.5471    0.4636    0.4613    0.1966   0.04621  0.007768  0.004222
   158/399     9.67G    0.0411  0.008527  0.001093   0.05072        15       480    0.5484    0.4966    0.4714    0.2075   0.04745  0.007947  0.004067
   159/399     9.67G   0.04112  0.008619  0.001088   0.05083        15       480    0.4433    0.4994    0.4463    0.1859   0.04755  0.007958  0.003945
   160/399     9.67G      0.04  0.008671 0.0009689   0.04964        15       480    0.5621    0.4887    0.4777    0.1991   0.04693  0.007725  0.003735
   161/399     9.67G   0.03997  0.008535 0.0007614   0.04926        15       480    0.4424    0.5574    0.4909    0.2001   0.04779  0.007765  0.004068
   162/399     9.67G   0.04044  0.008626  0.001136    0.0502        15       480    0.7415     0.425    0.4657    0.1999    0.0471  0.008094  0.004161
   163/399     9.67G   0.03835  0.008359  0.001237   0.04794        15       480    0.5132    0.4673    0.4554    0.2013   0.04639  0.008158   0.00393
   164/399     9.67G   0.03867  0.008415  0.001194   0.04828        15       480    0.4873    0.4685     0.451    0.1829   0.04744  0.008041  0.004023
   165/399     9.67G    0.0401  0.008639   0.00104   0.04978        15       480    0.4757    0.4696     0.466    0.1981   0.04662  0.007741  0.004217
   166/399     9.67G   0.03823  0.008726  0.001314   0.04827        15       480    0.5416     0.475    0.4646    0.2044   0.04714  0.007748  0.004376
   167/399     9.67G   0.03866   0.00849  0.001136   0.04829        15       480    0.4099    0.5281     0.445    0.1918   0.04709  0.007751  0.004322
   168/399     9.67G    0.0401  0.008535  0.000979   0.04962        15       480    0.7065    0.4792    0.5046    0.2151   0.04572  0.007835  0.004122
   169/399     9.67G   0.03793  0.008474  0.001048   0.04745        15       480    0.6017    0.5714    0.5369    0.2185   0.04713  0.007661  0.003844
   170/399     9.67G   0.03954  0.008394 0.0009414   0.04888        15       480    0.4671    0.4911    0.4353    0.1966   0.04839  0.007814  0.003962
   171/399     9.67G   0.03948  0.008268 0.0008622   0.04862        15       480    0.3872     0.447    0.4346    0.1939    0.0479  0.007649  0.004027
   172/399     9.67G   0.03889  0.008504  0.001176   0.04857        15       480    0.5667    0.4332    0.4428    0.1898   0.04718  0.007989  0.004219
   173/399     9.67G   0.03847  0.008637  0.001614   0.04872        15       480    0.7219    0.4764    0.5006    0.2214   0.04599  0.007855  0.003632
   174/399     9.67G    0.0387  0.008255 0.0008629   0.04781        15       480    0.5577    0.4131    0.4254    0.1819   0.04945  0.008647  0.003742
   175/399     9.67G   0.03948   0.00846   0.00103   0.04897        15       480    0.7912    0.4744    0.4934    0.2136   0.04688  0.007679  0.003948
   176/399     9.67G    0.0387  0.008454 0.0009259   0.04808        15       480    0.4969    0.4756    0.4618    0.2025   0.04603  0.007794  0.003817
   177/399     9.67G   0.03852  0.008312  0.001099   0.04793        15       480    0.4204    0.4488    0.3985    0.1742   0.04861  0.008319  0.003705
   178/399     9.67G   0.03922  0.008173 0.0007795   0.04817        15       480    0.5395    0.5512    0.5166     0.214   0.04649  0.007759  0.003741
   179/399     9.67G   0.03867  0.008426 0.0008884   0.04798        15       480    0.5392     0.524    0.4722    0.2092   0.04625  0.007974   0.00354
   180/399     9.67G    0.0368   0.00822 0.0009455   0.04597        15       480    0.4348      0.52    0.4656    0.1998    0.0466  0.008065  0.003656
   181/399     9.67G   0.03722  0.008188   0.00109    0.0465        15       480    0.5763     0.501    0.4837    0.2121   0.04605  0.007976  0.003813
   182/399     9.67G   0.03836  0.008387 0.0009202   0.04767        15       480    0.5114    0.3737    0.4209    0.1806   0.04714  0.008107  0.004067
   183/399     9.67G   0.03832  0.008411  0.001156   0.04789        15       480    0.7496     0.456    0.4742    0.2187   0.04636  0.008022  0.004184
   184/399     9.67G   0.03762  0.008295  0.000783    0.0467        15       480     0.556    0.4714    0.4701    0.1978   0.04682  0.007925  0.004214
   185/399     9.67G     0.038  0.008302  0.001059   0.04736        15       480    0.5581     0.506    0.4798    0.2095   0.04642  0.007911  0.004017
   186/399     9.67G   0.03713  0.008222   0.00106   0.04641        15       480    0.7131    0.4881    0.4926    0.2075   0.04624  0.007979  0.003701
   187/399     9.67G   0.03626  0.008376 0.0007983   0.04544        15       480     0.606    0.5265    0.4994    0.2198   0.04595  0.007747  0.003757
   188/399     9.67G   0.03692  0.007995 0.0009333   0.04585        15       480    0.5031    0.5768    0.5128    0.2119    0.0458  0.007798  0.004071
   189/399     9.67G   0.03629  0.008133 0.0009359   0.04536        15       480    0.7022    0.4714    0.4932    0.2159   0.04566  0.007586  0.003857
   190/399     9.67G   0.03607  0.007884  0.001091   0.04505        15       480    0.6243     0.503    0.5042    0.2083   0.04631  0.007717  0.003968
   191/399     9.67G   0.03519  0.008079  0.001361   0.04463        15       480    0.6747    0.4911    0.5152    0.2278   0.04547  0.007913  0.004243
   192/399     9.67G   0.03638  0.008147  0.001125   0.04565        15       480     0.529    0.4712    0.4498     0.199   0.04557  0.007923  0.004113
   193/399     9.67G   0.03643  0.008148 0.0009162   0.04549        15       480    0.5401       0.5     0.474    0.2146   0.04602  0.007994  0.004401
   194/399     9.67G   0.03724  0.007936 0.0008086   0.04599        15       480     0.655    0.4825    0.5088    0.2205   0.04565   0.00772  0.003956
   195/399     9.67G   0.03561  0.008066   0.00105   0.04473        15       480    0.5783     0.497    0.4834    0.2199    0.0454  0.007887  0.003577
   196/399     9.67G   0.03657  0.008058 0.0009821   0.04561        15       480    0.6114    0.4249    0.4565    0.2015   0.04594  0.007994  0.003598
   197/399     9.67G    0.0364  0.008165 0.0009635   0.04553        15       480    0.7439    0.4897    0.5036    0.2151   0.04614  0.007844  0.003917
   198/399     9.67G     0.036  0.008076  0.000843   0.04492        15       480    0.5484    0.4339    0.4596    0.2006   0.04729  0.007909  0.003767
   199/399     9.67G   0.03619  0.008043 0.0008956   0.04513        15       480    0.7037    0.4714    0.5093    0.2026   0.04715  0.007823  0.003875
   200/399     9.67G    0.0354  0.007699 0.0008112   0.04391        15       480    0.4669    0.4996    0.4645    0.2099   0.04587  0.007684   0.00395
   201/399     9.67G    0.0365  0.007939 0.0008872   0.04533        15       480    0.5763    0.4637    0.4613    0.2054   0.04653  0.007784  0.003719
   202/399     9.67G   0.03494   0.00772  0.000762   0.04342        15       480    0.6183    0.5469    0.5011    0.2045   0.04619  0.007867  0.004017
   203/399     9.67G   0.03386  0.007812  0.000825    0.0425        15       480    0.6087    0.4773    0.4873    0.2137   0.04536  0.007917  0.004007
   204/399     9.67G   0.03491  0.007976 0.0007968   0.04369        15       480     0.462     0.553    0.4805    0.2027   0.04649  0.007877  0.003996
   205/399     9.67G   0.03473  0.007831 0.0009654   0.04353        15       480    0.5427    0.5381    0.4966    0.2141   0.04679  0.007883  0.004084
   206/399     9.67G    0.0342  0.008039   0.00103   0.04327        15       480    0.7179    0.4369     0.497    0.2062   0.04598  0.007894  0.004022
   207/399     9.67G   0.03545  0.007974  0.001192   0.04461        15       480    0.6431    0.4607    0.4903    0.2032   0.04728  0.008045   0.00426
   208/399     9.67G   0.03618  0.007963 0.0009641   0.04511        15       480    0.4474    0.4047    0.4471    0.1978    0.0469  0.008004  0.004306
   209/399     9.67G   0.03513  0.008108 0.0009792   0.04421        15       480    0.7388    0.4429    0.4828    0.2165   0.04648   0.00814  0.003861
   210/399     9.67G   0.03535  0.008034  0.001293   0.04468        15       480    0.6907    0.5244     0.529    0.2151   0.04631  0.007967  0.003498
   211/399     9.67G   0.03424  0.007769 0.0008765   0.04288        15       480    0.6344    0.4899    0.4845    0.2181   0.04631  0.008014  0.003476
   212/399     9.67G   0.03381  0.007964  0.001082   0.04285        15       480    0.5334     0.475    0.4513    0.1976   0.04708  0.008143  0.003713
   213/399     9.67G   0.03511  0.007793 0.0007602   0.04367        15       480    0.6539    0.4624    0.4851     0.214   0.04628  0.008073  0.003701
   214/399     9.67G   0.03562  0.007851 0.0009688   0.04444        15       480    0.6194    0.5046    0.5082    0.2233   0.04546  0.008265  0.003598
   215/399     9.67G   0.03506   0.00792  0.001144   0.04413        15       480    0.7539       0.5     0.498    0.2165    0.0452  0.007954  0.003691
   216/399     9.67G   0.03517  0.007706 0.0008596   0.04374        15       480    0.6136    0.4772    0.4713    0.2144   0.04577  0.008013  0.003891
   217/399     9.67G   0.03341  0.007751 0.0009768   0.04214        15       480     0.777    0.4475    0.4817    0.2356   0.04584  0.007829  0.003632
   218/399     9.67G   0.03433  0.007826 0.0009997   0.04316        15       480    0.6665    0.4744    0.4944    0.2282   0.04485  0.007868  0.003416
   219/399     9.67G   0.03473  0.007865 0.0008736   0.04346        15       480    0.6586    0.4685    0.4918     0.228   0.04564  0.007938  0.003875
   220/399     9.67G   0.03354   0.00782 0.0008257   0.04219        15       480    0.5884    0.4655    0.4579    0.2088    0.0459  0.008045   0.00389
   221/399     9.67G   0.03388  0.007678 0.0009496   0.04251        15       480     0.803    0.4732    0.4944    0.2222    0.0469  0.007988  0.003802
   222/399     9.67G   0.03465  0.007715 0.0008342    0.0432        15       480    0.7419    0.5048    0.5341    0.2331   0.04606  0.007876  0.004174
   223/399     9.67G   0.03392   0.00775 0.0009835   0.04265        15       480    0.7597    0.5195    0.5386    0.2351   0.04612  0.007895  0.004424
   224/399     9.67G   0.03362  0.007463 0.0006772   0.04176        15       480    0.5613    0.5305    0.5128    0.2175   0.04538  0.007828  0.004202
   225/399     9.67G   0.03526  0.007934 0.0007452   0.04394        15       480    0.5958     0.453    0.4722    0.2183   0.04582  0.007727  0.004174
   226/399     9.67G   0.03506   0.00755  0.001491    0.0441        15       480    0.6049    0.4968     0.485    0.2104    0.0459  0.007594  0.004179
   227/399     9.67G   0.03552  0.007729 0.0009467    0.0442        15       480    0.8268    0.4879    0.5194    0.2215   0.04604  0.008062  0.004041
   228/399     9.67G   0.03324  0.007472 0.0009122   0.04163        15       480    0.7587    0.4732    0.5095    0.2189   0.04579  0.007867  0.003829
   229/399     9.67G   0.03302  0.007532  0.001044    0.0416        15       480    0.5586    0.4706    0.4756     0.208   0.04671  0.007921  0.003799
   230/399     9.67G   0.03357  0.007727 0.0007288   0.04202        15       480    0.6386    0.4518    0.4696    0.2091    0.0464  0.007936  0.003821
   231/399     9.67G   0.03337  0.007775  0.000741   0.04188        15       480    0.5968    0.5107    0.5011    0.2189   0.04673  0.008034  0.003815
   232/399     9.67G   0.03337  0.007594 0.0009762   0.04194        15       480    0.6576    0.4702    0.4737    0.2005   0.04664  0.007825  0.003981
   233/399     9.67G   0.03266  0.007419 0.0008494   0.04093        15       480    0.6064    0.4625     0.492     0.223   0.04555   0.00768   0.00407
   234/399     9.67G   0.03303  0.007589  0.001069   0.04168        15       480    0.6294    0.4833    0.4966    0.2172   0.04533   0.00783  0.003782
   235/399     9.67G   0.03348  0.007683 0.0007805   0.04194        15       480    0.6591    0.5029    0.4977    0.2201   0.04563  0.007806  0.003683
   236/399     9.67G   0.03324  0.007664 0.0008125   0.04172        15       480    0.6623     0.488    0.4969    0.2191   0.04544  0.007772  0.003621
   237/399     9.67G   0.03183  0.007496 0.0008831   0.04021        15       480     0.772    0.4929      0.52    0.2254   0.04517  0.007785   0.00399
   238/399     9.67G   0.03101  0.007568 0.0008831   0.03947        15       480    0.6601    0.4792     0.487    0.2147   0.04641  0.007917  0.003846
   239/399     9.67G   0.03168  0.007327 0.0009647   0.03997        15       480    0.6843    0.4906    0.5132    0.2365   0.04626  0.007849  0.003828
   240/399     9.67G   0.03328   0.00764 0.0008817    0.0418        15       480    0.6143    0.5274    0.4964    0.2265   0.04534  0.007746  0.003851
   241/399     9.67G   0.03274  0.007561 0.0008703   0.04117        15       480    0.6674    0.4774    0.4871     0.221   0.04555  0.008032  0.004092
   242/399     9.67G   0.03276  0.007443 0.0008373   0.04104        15       480    0.6726    0.4743    0.5114    0.2249   0.04554  0.008077  0.004332
   243/399     9.67G   0.03324  0.007364 0.0008455   0.04145        15       480    0.5715    0.4887    0.4786    0.2247   0.04489  0.008042  0.004039
   244/399     9.67G   0.03252  0.007365  0.000943   0.04083        15       480    0.5503      0.55    0.5054     0.222   0.04569  0.007985  0.003934
   245/399     9.67G    0.0322  0.007405  0.001022   0.04063        15       480    0.6859    0.4577    0.4692     0.217   0.04497  0.008008  0.004087
   246/399     9.67G   0.03114  0.007401 0.0008206   0.03936        15       480    0.5634    0.4851    0.4693    0.1983   0.04574  0.008112  0.003925
   247/399     9.67G   0.03316  0.007502 0.0007292   0.04139        15       480    0.6336    0.4728    0.4756    0.2199   0.04516   0.00792  0.003925
   248/399     9.67G   0.03176  0.007287 0.0007132   0.03976        15       480    0.5835    0.4911    0.4822    0.2161   0.04452  0.007833  0.003795
   249/399     9.67G   0.03246   0.00736 0.0007738   0.04059        15       480    0.6728    0.4654    0.4694    0.2231   0.04543  0.008076  0.003855
   250/399     9.67G   0.03204   0.00733 0.0008667   0.04024        15       480    0.7724    0.4732    0.5194    0.2344   0.04541  0.007916  0.003903
   251/399     9.67G    0.0323  0.007439 0.0009436   0.04068        15       480    0.6471    0.4792     0.479    0.2242   0.04531   0.00797  0.004348
   252/399     9.67G   0.03198   0.00721 0.0006708   0.03986        15       480    0.5538    0.4792    0.4642    0.2121   0.04561  0.007956  0.004404
   253/399     9.67G   0.03245  0.007307 0.0008129   0.04057        15       480    0.5544    0.5125    0.4854     0.213   0.04611  0.008014  0.004129
   254/399     9.67G   0.03117   0.00713 0.0009534   0.03926        15       480    0.5834    0.4653    0.4641    0.2144   0.04494  0.007985  0.004243
   255/399     9.67G   0.03088  0.007132  0.001067   0.03908        15       480    0.7209    0.4387    0.4549    0.2181   0.04544   0.00791  0.004273
   256/399     9.67G    0.0316  0.007219 0.0009021   0.03972        15       480    0.4947     0.497    0.4779    0.2138   0.04492  0.008048  0.003926
   257/399     9.67G   0.03274  0.007359   0.00105   0.04115        15       480    0.5646     0.494    0.4967    0.2267   0.04538  0.008159   0.00428
   258/399     9.67G   0.03113  0.007069  0.000858   0.03906        15       480    0.6416     0.485    0.4848    0.2184    0.0463   0.00802  0.003498
   259/399     9.67G   0.03231  0.007105 0.0007361   0.04015        15       480    0.6882    0.4613    0.4757    0.2173   0.04598  0.008121  0.003695
   260/399     9.67G   0.03081  0.007111  0.000795   0.03872        15       480     0.772    0.4624    0.5058     0.226   0.04465  0.008068  0.003569
   261/399     9.67G   0.03219  0.007219  0.001029   0.04044        15       480    0.6457    0.4821    0.5076    0.2284    0.0456  0.008023  0.003728
   262/399     9.67G   0.03006  0.007111 0.0008357   0.03801        15       480    0.6101    0.5518    0.5126    0.2293   0.04525  0.007961  0.003605
   263/399     9.67G   0.03047  0.007174  0.000682   0.03832        15       480    0.5332    0.4928    0.4758     0.215   0.04622  0.007962  0.003767
   264/399     9.67G   0.03096  0.007091 0.0008629   0.03891        15       480    0.7089    0.4506    0.4967    0.2213   0.04579  0.007917  0.003917
   265/399     9.67G   0.03074  0.007324  0.000634   0.03869        15       480    0.7131     0.428    0.4638    0.2214   0.04522  0.007939  0.003938
   266/399     9.67G   0.03042  0.007101 0.0007091   0.03823        15       480    0.5894     0.494    0.4726     0.214   0.04453  0.008031  0.003728
   267/399     9.67G   0.03046  0.007162 0.0008349   0.03846        15       480    0.5373    0.4892    0.4736    0.2175   0.04498  0.008155  0.003905
   268/399     9.67G   0.03038  0.007272 0.0007714   0.03842        15       480    0.4631    0.5952    0.4999    0.2142   0.04514  0.008186  0.004044
   269/399     9.67G   0.03023  0.007011 0.0008873   0.03813        15       480    0.5492    0.4792    0.4736    0.2153   0.04569  0.008344  0.004079
   270/399     9.67G   0.03105  0.007172 0.0008123   0.03903        15       480    0.4598     0.495    0.4531    0.2058   0.04655   0.00849  0.004176
   271/399     9.67G   0.03208  0.007337  0.001013   0.04043        15       480     0.668    0.4565    0.4731    0.2076   0.04637  0.008463  0.004273
   272/399     9.67G   0.03054  0.007109 0.0008657   0.03852        15       480    0.4637    0.5284    0.4808    0.2101   0.04498  0.008114  0.004161
   273/399     9.67G    0.0304  0.006983  0.000751   0.03813        15       480    0.6983    0.4399     0.495    0.2302   0.04468   0.00805  0.003672
   274/399     9.67G    0.0296  0.007126 0.0007244   0.03745        15       480    0.4216    0.5726    0.4717    0.2128   0.04521  0.008157  0.003482
   275/399     9.67G   0.02977  0.007038  0.001021   0.03783        15       480    0.6654     0.419    0.4741     0.208   0.04567  0.008384  0.003809
   276/399     9.67G   0.02907  0.007153 0.0007768     0.037        15       480    0.6445    0.4641     0.497    0.2236   0.04589   0.00828  0.004011
   277/399     9.67G   0.02902  0.007046 0.0009887   0.03705        15       480    0.4867    0.5774    0.4959    0.2272   0.04509  0.008259  0.004128
   278/399     9.67G   0.02894  0.006877 0.0009735   0.03679        15       480    0.5759    0.4958    0.4889    0.2267   0.04522  0.008137  0.004155
   279/399     9.67G   0.02916  0.007046 0.0008313   0.03704        15       480    0.5127     0.594    0.4934    0.2197   0.04567  0.008198  0.004169
   280/399     9.67G   0.03077   0.00705 0.0008516   0.03867        15       480    0.6545     0.494    0.4937    0.2167   0.04542  0.008049  0.004317
   281/399     9.67G   0.02845  0.006732  0.000694   0.03588        15       480    0.5946    0.5048    0.4994    0.2256   0.04564  0.008199  0.004054
   282/399     9.67G   0.03047   0.00687 0.0008241   0.03817        15       480    0.6244    0.4911    0.4873    0.2241   0.04608   0.00816  0.004102
   283/399     9.67G   0.03047   0.00706 0.0006535   0.03819        15       480    0.5544    0.4851    0.4652    0.2098   0.04596  0.008109  0.004254
   284/399     9.67G   0.02964  0.007064 0.0007039   0.03741        15       480    0.7034     0.482    0.4805    0.2184   0.04562  0.008223  0.004207
   285/399     9.67G   0.02847  0.006811 0.0008569   0.03613        15       480    0.5906    0.4988    0.4808    0.2163   0.04586   0.00823  0.004277
   286/399     9.67G   0.02858  0.006897 0.0007368   0.03621        15       480    0.7657    0.4583    0.4936    0.2107   0.04653  0.008374  0.004499
   287/399     9.67G   0.02988  0.007071 0.0007292   0.03768        15       480    0.6799    0.3964    0.4628    0.2246   0.04597  0.008172  0.004354
   288/399     9.67G   0.02972  0.006899  0.000826   0.03744        15       480    0.6061    0.4732    0.4734    0.2134   0.04505  0.008096  0.004046
   289/399     9.67G   0.02915  0.007034 0.0007991   0.03699        15       480    0.6066    0.4732    0.4828    0.2193   0.04507  0.008133  0.003982
   290/399     9.67G   0.02911  0.007014 0.0007874   0.03691        15       480    0.7019    0.4593    0.4748     0.219   0.04553  0.008049   0.00427
   291/399     9.67G   0.03005  0.006729  0.001125    0.0379        15       480     0.649    0.5137    0.4988    0.2339   0.04599  0.008043   0.00435
   292/399     9.67G   0.02973  0.006883  0.001225   0.03784        15       480    0.5656    0.5191    0.5012    0.2197   0.04578  0.008187  0.004387
   293/399     9.67G   0.02914  0.006966 0.0007528   0.03685        15       480     0.749    0.4565    0.4863     0.229   0.04495  0.007965  0.004248
   294/399     9.67G   0.02874  0.006819 0.0006505   0.03621        15       480    0.4678    0.5607    0.5001    0.2255   0.04451  0.008088  0.003916
   295/399     9.67G   0.02821  0.006717 0.0008214   0.03575        15       480    0.6913    0.4643    0.4968    0.2224   0.04494  0.008201  0.003952
   296/399     9.67G   0.02799  0.006746   0.00073   0.03547        15       480    0.7163    0.4875    0.5154    0.2348   0.04437  0.008135  0.004093
   297/399     9.67G   0.02896  0.007079 0.0007435   0.03678        15       480    0.6257    0.5048    0.5115    0.2487   0.04524  0.008149  0.004062
   298/399     9.67G    0.0281  0.006731 0.0008213   0.03565        15       480    0.7127    0.4942    0.5038     0.229   0.04491  0.008311  0.004026
   299/399     9.67G    0.0278  0.006689 0.0008666   0.03536        15       480     0.607    0.4995     0.492    0.2327   0.04467  0.008277  0.004021
   300/399     9.67G   0.02933  0.006801 0.0008269   0.03696        15       480    0.5665    0.5184    0.5164    0.2257   0.04542   0.00838  0.004155
   301/399     9.67G   0.02851  0.006881 0.0007937   0.03619        15       480    0.6281    0.4881     0.509    0.2383    0.0452  0.008196  0.004427
   302/399     9.67G   0.02787  0.006745 0.0009942   0.03561        15       480    0.5871    0.4792    0.4913    0.2242   0.04539  0.008344  0.004361
   303/399     9.67G   0.02878  0.006804  0.000895   0.03647        15       480     0.737    0.4702    0.5012    0.2346   0.04498  0.008277  0.004337
   304/399     9.67G   0.02804   0.00661 0.0008015   0.03545        15       480    0.5174    0.5667    0.5159    0.2337   0.04491  0.008212  0.004388
   305/399     9.67G   0.02812  0.006799 0.0008667   0.03579        15       480    0.6294    0.4839    0.4914    0.2277   0.04583  0.008212  0.004271
   306/399     9.67G   0.02874  0.006651  0.001126   0.03651        15       480    0.5715    0.4818    0.4844    0.2175   0.04593  0.008338  0.004326
   307/399     9.67G   0.02911  0.007037 0.0007616   0.03691        15       480    0.7707     0.425    0.4808    0.2289   0.04617  0.008257  0.004511
   308/399     9.67G   0.02842  0.006974 0.0007148    0.0361        15       480     0.559    0.4851     0.501    0.2279   0.04588  0.008187  0.004654
   309/399     9.67G   0.02957  0.007007  0.000752   0.03733        15       480    0.6685    0.4476    0.4691    0.2184   0.04614   0.00823  0.004616
   310/399     9.67G   0.02765  0.006639 0.0007004   0.03499        15       480    0.6682    0.4829    0.4901    0.2196   0.04618   0.00819  0.004607
   311/399     9.67G   0.02819  0.006795 0.0006322   0.03562        15       480    0.7442    0.4506    0.4896    0.2235   0.04638  0.008148  0.004579
   312/399     9.67G   0.02745  0.006619 0.0006886   0.03476        15       480    0.5351    0.5125    0.4779    0.2194   0.04567  0.008126  0.004354
   313/399     9.67G   0.02865  0.006816 0.0006312    0.0361        15       480    0.5243    0.5206    0.4945    0.2366   0.04542  0.008231  0.004163
   314/399     9.67G   0.02684  0.006599 0.0008006   0.03424        15       480    0.7253    0.4762    0.5057    0.2305   0.04574  0.008203  0.004359
   315/399     9.67G   0.02599  0.006496 0.0007013   0.03319        15       480    0.6841    0.4762    0.4856    0.2351   0.04593  0.008285  0.004411
   316/399     9.67G   0.02789  0.006743 0.0009076   0.03554        15       480    0.6874    0.4956    0.4992    0.2414    0.0459  0.008291  0.004383
   317/399     9.67G   0.02726  0.006605 0.0005587   0.03442        15       480    0.8112     0.422    0.4908    0.2345   0.04572   0.00823  0.004447
   318/399     9.67G   0.02799  0.006669 0.0005946   0.03525        15       480    0.5939    0.4536    0.4691    0.2176   0.04552  0.008262  0.004408
   319/399     9.67G   0.02811  0.006447 0.0006849   0.03524        15       480    0.6869    0.4417    0.4758    0.2226   0.04595  0.008298  0.004353
   320/399     9.67G   0.02801  0.006505 0.0007681   0.03528        15       480     0.758    0.4595    0.5123    0.2301   0.04539  0.008282  0.004301
   321/399     9.67G    0.0275  0.006632 0.0006921   0.03482        15       480    0.7486    0.4606    0.4998     0.236   0.04521  0.008344  0.004476
   322/399     9.67G   0.02629  0.006788 0.0008039   0.03388        15       480    0.5312    0.4988    0.4734    0.2225   0.04597  0.008242  0.004395
   323/399     9.67G   0.02775  0.006647 0.0008238   0.03522        15       480    0.6806    0.4762    0.5088    0.2449   0.04511   0.00813  0.004608
   324/399     9.67G   0.02703   0.00663  0.001046    0.0347        15       480    0.4813    0.6036    0.5045    0.2319   0.04515  0.008198  0.004833
   325/399     9.67G   0.02775   0.00677 0.0007723   0.03529        15       480    0.5968    0.4654    0.4939    0.2233   0.04565  0.008412  0.004651
   326/399     9.67G   0.02627  0.006748 0.0005312   0.03355        15       480    0.5824    0.4827    0.4829    0.2253   0.04555  0.008404  0.004359
   327/399     9.67G   0.02747  0.006658 0.0008186   0.03495        15       480    0.7733    0.4613    0.5057    0.2338   0.04531  0.008288  0.004313
   328/399     9.67G   0.02735  0.006571 0.0007068   0.03463        15       480    0.5504    0.5274    0.5058    0.2231   0.04537  0.008437  0.004344
   329/399     9.67G   0.02741  0.006574 0.0007597   0.03474        14       480     0.709    0.4792    0.5066    0.2275   0.04532  0.008444    0.0044
   330/399     9.67G   0.02762  0.006659 0.0008641   0.03514        15       480    0.6195    0.4789    0.4861    0.2265   0.04562  0.008272  0.004336
   331/399     9.67G   0.02648  0.006517 0.0006102   0.03361        15       480    0.7069    0.4536    0.4827    0.2301   0.04509  0.008156   0.00404
   332/399     9.67G   0.02606  0.006667 0.0008946   0.03362        15       480    0.8013    0.4673    0.4988    0.2315   0.04495   0.00821  0.004129
   333/399     9.67G   0.02683  0.006592 0.0006069   0.03403        15       480     0.666    0.4792    0.4971    0.2301   0.04527  0.008161  0.004286
   334/399     9.67G   0.02627  0.006554  0.000804   0.03363        15       480    0.5881    0.5077    0.4992    0.2251   0.04574  0.008229  0.004182
   335/399     9.67G   0.02823  0.006506 0.0007554    0.0355        15       480    0.7087    0.5088    0.5205    0.2332    0.0453  0.008074  0.004239
   336/399     9.67G   0.02624  0.006641 0.0007236    0.0336        15       480    0.8022    0.5042    0.5227    0.2327   0.04503  0.008141  0.004226
   337/399     9.67G   0.02701  0.006404 0.0006191   0.03404        15       480    0.6318    0.4762    0.4832    0.2249   0.04536   0.00823  0.004333
   338/399     9.67G   0.02562  0.006506 0.0007169   0.03284        15       480    0.6761    0.5036    0.5042    0.2387   0.04543  0.008286  0.004391
   339/399     9.67G    0.0263  0.006391 0.0006774   0.03337        15       480    0.7334     0.468    0.5048    0.2317   0.04545   0.00827  0.004261
   340/399     9.67G   0.02626  0.006555 0.0009704   0.03379        15       480    0.7937    0.4643    0.5137    0.2422   0.04522  0.008345  0.004073
   341/399     9.67G   0.02681  0.006492 0.0006521   0.03395        15       480    0.7759    0.4494     0.512    0.2359   0.04506  0.008496  0.003955
   342/399     9.67G   0.02619  0.006569 0.0006562   0.03341        15       480    0.7786    0.4747    0.5143    0.2426   0.04496   0.00847   0.00394
   343/399     9.67G   0.02676  0.006634 0.0008271   0.03422        15       480    0.8444    0.4762    0.5236    0.2474   0.04515   0.00836  0.004236
   344/399     9.67G   0.02622  0.006419 0.0008769   0.03352        15       480    0.5405    0.5726    0.5283    0.2367   0.04494  0.008274  0.004291
   345/399     9.67G   0.02652  0.006391 0.0008106   0.03373        15       480    0.6018     0.544    0.5107     0.222   0.04542  0.008368  0.004303
   346/399     9.67G   0.02724  0.006427 0.0008038   0.03447        15       480    0.6376    0.5274    0.5329    0.2377   0.04499  0.008235  0.004316
   347/399     9.67G   0.02603  0.006353 0.0006525   0.03304        15       480     0.614    0.5655    0.5405    0.2314   0.04537  0.008349  0.004297
   348/399     9.67G   0.02554  0.006552 0.0008229   0.03291        15       480    0.6646    0.5348    0.5424    0.2334   0.04517  0.008302  0.004221
   349/399     9.67G   0.02567  0.006407 0.0008429   0.03292        15       480    0.7075    0.4988    0.5273    0.2394   0.04541  0.008379   0.00447
   350/399     9.67G   0.02651  0.006287 0.0006691   0.03346        15       480     0.756     0.481    0.5198    0.2375   0.04541   0.00847   0.00481
   351/399     9.67G   0.02521  0.006213 0.0005026   0.03193        15       480    0.7204    0.5244    0.5178     0.238   0.04546  0.008389  0.004772
   352/399     9.67G   0.02692  0.006459  0.000805   0.03419        15       480    0.6692    0.4911    0.5055    0.2253   0.04574  0.008406  0.004553
   353/399     9.67G   0.02646  0.006466 0.0008375   0.03377        15       480    0.6085    0.5124    0.4926    0.2397   0.04605  0.008454  0.004517
   354/399     9.67G   0.02584   0.00625 0.0009697   0.03306        15       480    0.7137    0.4762     0.505    0.2267   0.04582  0.008413  0.004365
   355/399     9.67G   0.02494  0.006316 0.0007811   0.03204        15       480    0.6983    0.5107    0.5233    0.2272   0.04576  0.008291  0.004268
   356/399     9.67G   0.02557  0.006347 0.0005349   0.03245        15       480    0.7544    0.5046     0.532    0.2327   0.04565  0.008253  0.004409
   357/399     9.67G   0.02588  0.006434  0.000812   0.03312        15       480    0.7253    0.5107    0.5239    0.2311   0.04581  0.008308  0.004376
   358/399     9.67G   0.02545  0.006401 0.0007225   0.03258        15       480    0.7306    0.5017    0.5212    0.2223   0.04567   0.00832  0.004412
   359/399     9.67G   0.02531  0.006288 0.0009561   0.03255        15       480    0.6927    0.4869    0.5014    0.2234   0.04563  0.008368  0.004338
   360/399     9.67G   0.02512  0.006353 0.0009688   0.03244        15       480    0.5203    0.5607    0.4854     0.213     0.046  0.008503  0.004387
   361/399     9.67G   0.02578  0.006527 0.0005694   0.03288        15       480    0.7403    0.5107    0.5113    0.2216   0.04604  0.008466  0.004349
   362/399     9.67G   0.02484  0.006366 0.0006463   0.03185        15       480    0.5627    0.5274    0.4844     0.217   0.04593  0.008418  0.004071
   363/399     9.67G   0.02613  0.006416 0.0007352   0.03328        15       480      0.65    0.4756    0.4816    0.2114   0.04662  0.008499   0.00394
   364/399     9.67G   0.02517   0.00624 0.0007449   0.03215        15       480    0.6312    0.4792    0.4765    0.2063   0.04671  0.008687  0.003937
   365/399     9.67G   0.02634  0.006495 0.0007031   0.03353        15       480    0.7065    0.4868     0.496     0.214   0.04625   0.00863  0.003976
   366/399     9.67G    0.0251  0.006121 0.0006654   0.03189        15       480    0.7488    0.4958    0.4936    0.2136   0.04611  0.008641  0.003947
   367/399     9.67G   0.02573  0.006212 0.0006502   0.03259        15       480     0.746    0.5018    0.5163    0.2216   0.04578  0.008486  0.003743
   368/399     9.67G   0.02515  0.006309 0.0008292   0.03229        15       480    0.7639    0.4898    0.5117    0.2268   0.04567  0.008617  0.003818
   369/399     9.67G   0.02589  0.006354 0.0007859   0.03303        15       480    0.7201    0.4672    0.5009    0.2206   0.04543  0.008637  0.003854
   370/399     9.67G   0.02572  0.006315 0.0008085   0.03285        15       480    0.6702    0.5074     0.496    0.2187   0.04564  0.008541  0.003786
   371/399     9.67G   0.02493  0.006295 0.0006637   0.03189        15       480    0.6131    0.4988    0.4888    0.2188   0.04571  0.008538  0.003662
   372/399     9.67G   0.02495  0.006424 0.0007562   0.03213        15       480    0.5412    0.5774    0.4935    0.2155   0.04623  0.008564  0.003495
   373/399     9.67G   0.02533  0.006297 0.0008704    0.0325        15       480    0.6159    0.5228     0.522    0.2205   0.04591  0.008456  0.003546
   374/399     9.67G   0.02563  0.006245 0.0005965   0.03248        15       480    0.5496     0.488    0.4758    0.2178   0.04555  0.008423  0.003915
   375/399     9.67G   0.02552  0.006385 0.0007395   0.03264        15       480    0.6283    0.4732    0.4854    0.2226   0.04609  0.008481  0.003996
   376/399     9.67G   0.02533  0.006237 0.0005884   0.03216        15       480    0.5021    0.5155    0.4732    0.2236   0.04619  0.008392  0.003916
   377/399     9.67G   0.02463  0.006248 0.0007606   0.03164        15       480    0.5341    0.5155      0.49    0.2289   0.04558  0.008318  0.003919
   378/399     9.67G   0.02505  0.006149 0.0006721   0.03187        15       480    0.6003    0.5016    0.4996    0.2256   0.04599  0.008438  0.004274
   379/399     9.67G   0.02468  0.006144 0.0007627   0.03159        15       480    0.6673    0.5048    0.5045    0.2274   0.04615  0.008421  0.004416
   380/399     9.67G   0.02445  0.006282  0.001159   0.03189        15       480    0.6817    0.5075    0.5125    0.2275   0.04617  0.008319  0.004474
   381/399     9.67G   0.02494  0.006302 0.0007589     0.032        15       480    0.6622    0.5017    0.4978    0.2314   0.04611  0.008309    0.0044
   382/399     9.67G   0.02451  0.006189 0.0007131   0.03141        15       480    0.5836    0.5071    0.4889    0.2284   0.04541  0.008273  0.004294
   383/399     9.67G   0.02419   0.00619 0.0006522   0.03104        15       480     0.644    0.5046    0.5174    0.2364   0.04523  0.008339  0.004188
   384/399     9.67G   0.02483  0.006162 0.0005421   0.03154        15       480    0.6846    0.5076    0.4994    0.2234   0.04536  0.008483  0.004239
   385/399     9.67G   0.02445  0.006248 0.0008522   0.03155        15       480    0.5748    0.5047    0.4992    0.2199   0.04571  0.008533  0.004364
   386/399     9.67G   0.02497  0.006034 0.0006201   0.03162        15       480    0.6484    0.4988    0.5039    0.2244    0.0452  0.008459  0.004288
   387/399     9.67G   0.02509  0.006205 0.0006842   0.03198        15       480    0.7082     0.478    0.4946    0.2177   0.04541   0.00859  0.004239
   388/399     9.67G   0.02367   0.00624  0.000626   0.03054        15       480    0.7417    0.4879    0.4937    0.2326   0.04553  0.008456  0.004236
   389/399     9.67G   0.02394  0.006004 0.0007177   0.03066        15       480    0.6066    0.4762     0.472    0.2226    0.0458  0.008436  0.004247
   390/399     9.67G   0.02398  0.006083 0.0008089   0.03087        15       480    0.5347    0.4893    0.4712    0.2158   0.04595    0.0085  0.004237
   391/399     9.67G   0.02362  0.006081 0.0007184   0.03042        15       480    0.5617    0.5167    0.4776    0.2186   0.04545  0.008418  0.004182
   392/399     9.67G   0.02376  0.006197 0.0009632   0.03092        15       480    0.5912    0.5162    0.4798     0.226    0.0454  0.008396  0.004142
   393/399     9.67G   0.02444  0.006202 0.0009476   0.03159        15       480    0.6456    0.5107    0.4964    0.2236   0.04552  0.008407  0.004199
   394/399     9.67G   0.02396  0.006072 0.0008742   0.03091        15       480    0.5955    0.4988    0.4823    0.2321   0.04547  0.008323  0.004267
   395/399     9.67G   0.02425  0.006287 0.0007378   0.03127        15       480    0.7458    0.4792    0.4979    0.2279   0.04545  0.008371  0.004256
   396/399     9.67G   0.02477   0.00615 0.0008339   0.03175        15       480    0.5882    0.5077    0.4896    0.2201   0.04568  0.008407  0.004206
   397/399     9.67G   0.02459  0.006235 0.0008561   0.03169        15       480    0.6555    0.4935    0.4979     0.221   0.04553  0.008377  0.004289
   398/399     9.67G   0.02353  0.006059 0.0007295   0.03032        15       480    0.5747    0.5274    0.4959    0.2193    0.0457  0.008406  0.004364
   399/399     9.67G   0.02364  0.006108 0.0006781   0.03043        15       480    0.6341    0.5048    0.4962    0.2239   0.04602  0.008348   0.00443
